step,position_x,position_y,position_z,rotation_x,rotation_y,rotation_z,linear_velocity_x,linear_velocity_y,linear_velocity_z,angular_velocity_x,angular_velocity_y,angular_velocity_z
0,0.0,0.0,5.062609672546387,0.0,0.0,0.0,0.0,0.0,0.0,0.0,0.0,0.0
1,0.0,0.0,5.062605857849121,0.0,2.307891655561889e-08,0.0,0.0,0.0,-0.00020106136798858643,0.0,1.1539458455445128e-06,0.0
2,9.047552984586815e-11,0.0,5.06259822845459,1.3355123591909115e-09,1.276969818775342e-07,1.6000676623405894e-05,4.523776464537832e-09,0.0,-0.00038771331310272217,6.673376873322923e-08,5.23090420756489e-06,0.0008000338566489518
3,6.816025521771962e-10,-5.228026345172054e-12,5.062587261199951,3.7282786768605876e-09,4.7111506851216234e-07,6.303061670953084e-05,2.95563520325004e-08,-2.614013172586027e-10,-0.0005566775798797607,1.189597966799738e-07,1.7170908904518e-05,0.0023514970671385527
4,3.1199820504923537e-09,-2.4958271560571177e-11,5.062572956085205,4.743251092358375e-09,1.266765566887429e-06,0.00015519210106579466,1.2191897269531182e-07,-9.865123162811074e-10,-0.0007056891918182373,4.640789441623383e-08,3.978252789238468e-05,0.00460807466879487
5,1.0525918803239165e-08,-6.251800466205992e-11,5.062556266784668,-4.385737206546408e-10,2.751685382218483e-06,0.0003057047700909645,3.7029684563094634e-07,-1.8779866550744373e-09,-0.0008333027362823486,-2.762011206414172e-07,7.424592331517488e-05,0.00752563402056694
6,2.8723668776819977e-08,-9.505858600267203e-11,5.062537670135498,-2.0271596329255648e-08,5.162627869648162e-06,0.0005269473063306749,9.098874897972564e-07,-1.6270291780529078e-09,-0.0009386837482452393,-1.0418380043120123e-06,0.00012054669787175953,0.011062128469347954
7,6.717097278396977e-08,-3.741656290356943e-11,5.062517166137695,-7.132681379929582e-08,8.718234437044003e-06,0.0008304975941435324,1.9223650724597974e-06,2.882101224344069e-09,-0.0010215342044830322,-2.6734232960734516e-06,0.00017777855100575835,0.015177513472735882
8,1.3981781421534833e-07,3.28428256812785e-10,5.062495708465576,-1.7161520804880443e-07,1.3608024858280388e-05,0.0012271705693220015,3.6323424410511507e-06,1.829224238747429e-08,-0.0010820478200912476,-5.265955678623868e-06,0.00024448425392620265,0.019833646714687347
9,2.6585112777866016e-07,1.433072993606288e-09,5.062473297119141,-3.46514458942112e-07,1.9984213894375102e-05,0.0017270554909550983,6.301665962382685e-06,5.523223478576256e-08,-0.0011208057403564453,-9.215868885803502e-06,0.0003187961410731077,0.024994241073727608
10,4.702928890765179e-07,4.032734590708742e-09,5.062450408935547,-6.241329963896875e-07,2.7958088202328923e-05,0.0023395506126111716,1.0222089258604683e-05,1.2998307852285507e-07,-0.0011385977268218994,-1.4691562682855874e-05,0.0003986647934652865,0.030624760314822197
11,7.844373044463282e-07,9.3381808952131e-09,5.062427520751953,-1.034522039348195e-06,3.759832066729807e-05,0.003073397203120104,1.5707220882177353e-05,2.6527231966611e-07,-0.0011365562677383423,-2.1823925635544583e-05,0.0004819543974008411,0.036692339926958084
12,1.2461198366509052e-06,1.915698000232169e-08,5.062405109405518,-1.6077784091759836e-06,4.893143178041903e-05,0.003936711755647529,2.308412513229996e-05,4.909399535790726e-07,-0.0011159926652908325,-3.064879638259299e-05,0.0005665518110617995,0.04316573217511177
13,1.8998198356712237e-06,3.6041885920212735e-08,5.062383651733398,-2.37437782185988e-06,6.194413379279062e-05,0.004937017291836373,3.268500222475268e-05,8.442452781309839e-07,-0.0010782331228256226,-4.121636084164493e-05,0.0006504583288915455,0.05001526325941086
14,2.7966059406026034e-06,6.344663461277378e-08,5.062363147735596,-3.3624002447539756e-06,7.658591825210337e-05,0.006081272574929861,4.483930388232693e-05,1.3702373280466418e-06,-0.0010247379541397095,-5.343355587683618e-05,0.0007318059215322137,0.05721278488636017
15,3.9939332054927945e-06,1.0587793042304838e-07,5.062344074249268,-4.596786268767833e-06,9.27730841040475e-05,0.007375901732523222,5.986635369481519e-05,2.121564648405183e-06,-0.0009570717811584473,-6.716370262438431e-05,0.0008089249022305012,0.06473147869110107
16,5.555307780014118e-06,1.6904010635698796e-07,5.062326431274414,-6.0962372749107955e-06,0.00011039269373269711,0.008826820756273111,7.806872599758208e-05,3.1581091661792016e-06,-0.0008767843246459961,-8.210717351175845e-05,0.0008803439559414983,0.07254595309495926
17,7.549836936959764e-06,2.59959477943994e-07,5.062310695648193,-7.875196661898836e-06,0.00012930718475856473,0.010439466361924258,9.972645784728229e-05,4.545968749880558e-06,-0.000785335898399353,-9.805399167817086e-05,0.0009448241908103228,0.0806322693824768
18,1.0051678145828191e-05,3.8709495697730745e-07,5.0622968673706055,-9.940203811559412e-06,0.00014935853959241463,0.012218811305873071,0.00012509204680100083,6.356774065352511e-06,-0.0006844103336334229,-0.00011460169480415061,0.0010013340506702662,0.08896724134683609
19,1.3139407201379072e-05,5.604196076092194e-07,5.062285423278809,-1.2293997434523705e-05,0.00017037285044696482,0.014169400657611561,0.00015438644913956523,8.666231224196963e-06,-0.0005754232406616211,-0.00013154232874512672,0.0010490709682926536,0.09752947092056274
20,1.6895322914933786e-05,7.914875936876342e-07,5.062276363372803,-1.4930265503099838e-05,0.00019216416415246407,0.016295368020483477,0.0001877957402030006,1.1553398508112878e-05,-0.0004598349332809448,-0.00014839421783108264,0.001087432843632996,0.10629836469888687
21,2.1404699509730563e-05,1.0934647889371263e-06,5.062269687652588,-1.783611755653958e-05,0.00021453849415231652,0.018600457523100297,0.00022546878608409315,1.5098859876161441e-05,-0.0003390312194824219,-0.00016478860925417393,0.0011160110589116812,0.11525445431470871
22,2.675501127669122e-05,1.4811311075391131e-06,5.062265396118164,-2.0994426942072732e-05,0.00023729739224576107,0.021088046410146045,0.00026751557015813887,1.9383314793230966e-05,-0.0002143383026123047,-0.0001804647035896778,0.001134587568230927,0.124379463493824
23,3.3035135857062414e-05,1.9708622858161107e-06,5.062263488769531,-2.4381722274797543e-05,0.00026024095640075906,0.02376115995213187,0.00031400626176036894,2.448655322950799e-05,-8.706748485565186e-05,-0.00019504524243529886,0.0011430940357968211,0.13365574181079865
24,4.0334554796572775e-05,2.5805811674217694e-06,5.062264442443848,-2.796859708193196e-05,0.000283170921844933,0.026622501778766006,0.0003649708814918995,3.0485945899272338e-05,4.172325134277344e-05,-0.00020816629694309086,0.0011416181223466992,0.1430671364068985
25,4.874254955211654e-05,3.3296801120741293e-06,5.062267780303955,-3.1722101277710765e-05,0.0003058930399051363,0.02967445978806185,0.00042039970867335796,3.745494541362859e-05,0.00017085671424865723,-0.00021957626449875534,0.0011303732171654701,0.15259788930416107
26,5.8347428421257064e-05,4.238920155330561e-06,5.062273979187012,-3.5605437732962835e-05,0.0003282192550753127,0.03291912052023831,0.0004802439652848989,4.54620058008004e-05,0.0002992600202560425,-0.0002290029078722,0.0011096883099526167,0.16223305463790894
27,6.923577166162431e-05,5.3303078857425135e-06,5.062282562255859,-3.958136296065602e-05,0.0003499698665945239,0.0363582990641137,0.0005444171838462353,5.456938743009232e-05,0.00042606890201568604,-0.00023634018725715578,0.0010799950687214732,0.17195886373519897
28,8.149170753313228e-05,6.626959475397598e-06,5.062293529510498,-4.360953975439626e-05,0.0003709750520333177,0.039993537577319715,0.0006127968663349748,6.483257311629131e-05,0.0005503594875335693,-0.00024134691921062768,0.0010418071178719401,0.18176203966140747
29,9.519623563392088e-05,8.15294242784148e-06,5.062306880950928,-4.7649226587094266e-05,0.0003910755763558704,0.04382614814010127,0.0006852265214547515,7.629916217410937e-05,0.0006714761257171631,-0.00024391515762545168,0.0009956809226423502,0.1916305124759674
30,0.00011042659025406465,9.933106412063353e-06,5.062322616577148,-5.165979273028357e-05,0.00041012432815645816,0.04785718820884756,0.0007615177892148495,8.9008201030083e-05,0.000788569450378418,-0.00024396373191848397,0.0009422486182302237,0.20155203342437744
31,0.00012725565466098487,1.1992899999313522e-05,5.06234073638916,-5.560020988516115e-05,0.0004279868948569021,0.052087496271344895,0.0008414529729634523,0.00010298968845745549,0.0009011030197143555,-0.00024138815933838487,0.0008821742376312613,0.21151570975780487
32,0.00014575140085071325,1.4358177395479288e-05,5.062360763549805,-5.9432963221695306e-05,0.00044454225357304367,0.05651772110173317,0.0009247877169400454,0.0001182638734462671,0.0010085105895996094,-0.0002362834056839347,0.000816147425211966,0.22151115536689758
33,0.00016597648209426552,1.7055004718713462e-05,5.06238317489624,-6.312274754364088e-05,0.00045968280464547817,0.06114829861735988,0.0010112538002431393,0.000134841407998465,0.0011103898286819458,-0.00022868267842568457,0.0007448707474395633,0.23152881860733032
34,0.00018798772362060845,2.0109468096052296e-05,5.062407493591309,-6.663449920465358e-05,0.00047331453745935725,0.06597948615915274,0.0011005618143826723,0.00015272319433279335,0.0012062937021255493,-0.0002185282646678388,0.0006690569571219385,0.24155932664871216
35,0.00021183580975048244,2.3547465389128774e-05,5.062433242797852,-6.993908111063146e-05,0.00048535729601129063,0.0710113622092418,0.001192403957247734,0.00017189988284371793,0.0012958645820617676,-0.00020605343161150813,0.0005894186324439943,0.251593679189682
36,0.00023756494920235127,2.739451520028524e-05,5.062460899353027,-7.300971635237212e-05,0.0004957442941699863,0.07624383215714199,0.0012864571763202548,0.00019235251238569617,0.001378759741783142,-0.00019132021407131106,0.00050664774607867,0.26162347197532654
37,0.0002652126713655889,3.167556496919133e-05,5.062489986419678,-7.58221834371795e-05,0.000504422372444413,0.08167666021070019,0.0013823856133967638,0.00021405248844530433,0.0014547854661941528,-0.00017441078671254218,0.00042145964107476175,0.27164119482040405
38,0.00029480954981409013,3.641479634097777e-05,5.062520503997803,-7.835672567142297e-05,0.0005113513583099305,0.0873094629869714,0.0014798438642174006,0.00023696162679698318,0.0015238523483276367,-0.00015551286924164742,0.00033451736089773476,0.28164002299308777
39,0.0003263791440986097,4.163544872426428e-05,5.062552452087402,-8.059859145816431e-05,0.0005165032994127738,0.09314171314628399,0.001578479423187673,0.0002610326337162405,0.0015857666730880737,-0.00013484820374287665,0.0002464517892803997,0.2916126549243927
40,0.0003599378396756947,4.735964103019796e-05,5.062585353851318,-8.25344700595156e-05,0.0005198624860833778,0.09917277240588392,0.0016779350116848946,0.00028620968805626035,0.0016404986381530762,-0.00011247274960624054,0.0001578906667418778,0.30155330896377563
41,0.00039549486245959997,5.360821160138585e-05,5.062619209289551,-8.415670386934309e-05,0.0005214244660334266,0.10540188695605487,0.0017778517212718725,0.0003124284849036485,0.0016880035400390625,-8.866272401064634e-05,6.941070023458451e-05,0.3114554286003113
42,0.0004330522788222879,6.040055086486973e-05,5.062653541564941,-8.54616761412664e-05,0.0005211957278550283,0.11182817397200254,0.0018778707599267364,0.00033961699227802455,0.0017283707857131958,-6.362420390360057e-05,-1.844458529376425e-05,0.3213144540786743
43,0.0004726049955934286,6.775447400286794e-05,5.062688827514648,-8.644760054785992e-05,0.0005191927483667591,0.11845066322266884,0.001977636246010661,0.0003676961350720376,0.0017615258693695068,-3.746421862160787e-05,-0.00010514832683838904,0.33112409710884094
44,0.0005141409346833825,7.568607543362305e-05,5.062724590301514,-8.711636326824187e-05,0.0005154415984316429,0.1252682576301368,0.0020767967216670513,0.00039657996967434883,0.0017875880002975464,-1.039124617818743e-05,-0.00019023340428248048,0.3408796787261963
45,0.0005576410912908614,8.420960512012243e-05,5.062760829925537,-8.747406370939146e-05,0.000509976925181288,0.13227978340298097,0.002175007713958621,0.0004261763533577323,0.0018066465854644775,1.7351616406813264e-05,-0.00027326884446665645,0.35057663917541504
46,0.0006030797376297414,9.333735943073407e-05,5.0627970695495605,-8.752764059276368e-05,0.0005028413367145212,0.13948400039650663,0.0022719332482665777,0.00045638770097866654,0.0018188953399658203,4.5677137677557766e-05,-0.0003538575838319957,0.36021140217781067
47,0.0006504246848635375,0.00010307958291377872,5.062833786010742,-8.728786794938885e-05,0.0004940850196666347,0.14687959343813262,0.0023672475945204496,0.00048711124691180885,0.0018244534730911255,7.43392447475344e-05,-0.0004316262493375689,0.3697793781757355
48,0.000699637399520725,0.0001134443809860386,5.062870025634766,-8.676635220659633e-05,0.00048376504338554227,0.1544651443518576,0.0024606361985206604,0.0005182398017495871,0.0018234997987747192,0.0001032336731441319,-0.0005062400014139712,0.37927713990211487
49,0.000750673352740705,0.00012443763262126595,5.062906265258789,-8.597801956734913e-05,0.0004719441960203685,0.16223917237817162,0.002551798243075609,0.0005496622761711478,0.0018161982297897339,0.0001321260933764279,-0.0005774336168542504,0.3887009024620056
50,0.0008034823113121092,0.00013606291031464934,5.0629425048828125,-8.493905061701681e-05,0.0004586905948313902,0.17020014128442906,0.002640446648001671,0.0005812642630189657,0.0018028467893600464,0.0001608762686373666,-0.0006449529901146889,0.39804819226264954
51,0.0008580085122957826,0.00014832148735877126,5.062978267669678,-8.366231606466554e-05,0.00044407672520030417,0.17834645453813266,0.002726309932768345,0.0006129287066869438,0.0017836391925811768,0.00018956662097480148,-0.0007085564429871738,0.40731608867645264
52,0.0009141911868937314,0.00016121219960041344,5.063013553619385,-8.21660832091218e-05,0.0004281792616664948,0.1866764952928733,0.0028091331478208303,0.0006445355247706175,0.0017588287591934204,0.0002178397262468934,-0.0007680953131057322,0.4165021777153015
53,0.0009719647350721061,0.0001747314672684297,5.063048362731934,-8.046773672706956e-05,0.00041107776003856955,0.19518854625988805,0.0028886778745800257,0.0006759630632586777,0.001728653907775879,0.00024564657360315323,-0.0008234242559410632,0.4256036579608917
54,0.0010312591912224889,0.00018887323676608503,5.063082218170166,-7.858499764634748e-05,0.0003928548892824235,0.20388089590346123,0.0029647238552570343,0.0007070882129482925,0.0016932934522628784,0.00027287029661238194,-0.0008744084043428302,0.4346178472042084
55,0.0010920005152001977,0.00020362898067105561,5.063115119934082,-7.653432673390608e-05,0.0003735948272496348,0.2127517638142336,0.003037068760022521,0.0007377869915217161,0.001653134822845459,0.0002994792885147035,-0.0009209812851622701,0.4435434341430664
56,0.001154111116193235,0.00021898766863159835,5.063147068023682,-7.433491960169957e-05,0.0003533838137756984,0.22179931918634135,0.003105528885498643,0.000767934659961611,0.0016083121299743652,0.0003252302703913301,-0.0009630891145206988,0.45237788558006287
57,0.0012175098527222872,0.00023493581102229655,5.063178062438965,-7.200249200242717e-05,0.0003323091315887705,0.23102172040720928,0.0031699396204203367,0.0007974068867042661,0.001559242606163025,0.00035019003553315997,-0.001000666874460876,0.46112051606178284
58,0.001282112905755639,0.00025145738618448377,5.063208103179932,-6.955478105367861e-05,0.00031045799593787393,0.24041710072478018,0.003230155212804675,0.000826079398393631,0.0015060752630233765,0.00037416082341223955,-0.0010337663115933537,0.46976903080940247
59,0.001347833895124495,0.0002685339713934809,5.063237190246582,-6.700728815217096e-05,0.00028791805232630807,0.24998356481376055,0.003286049235612154,0.000853828969411552,0.0014491528272628784,0.0003971456899307668,-0.0010623704874888062,0.4783228933811188
60,0.0014145842287689447,0.00028614464099518955,5.063264846801758,-6.437437940295835e-05,0.0002647762761047723,0.2597191842310069,0.003337514353916049,0.0008805336547084153,0.0013887137174606323,0.0004190982144791633,-0.001086532254703343,0.4867803454399109
61,0.0014822734519839287,0.00030426611192524433,5.063291549682617,-6.16704516475272e-05,0.0002411188418318666,0.26962199229364475,0.0033844620920717716,0.0009060729062184691,0.0013250112533569336,0.0004399191529955715,-0.001106320065446198,0.49514031410217285
62,0.001550809945911169,0.00032287268550135195,5.063316822052002,-5.890748399251965e-05,0.00021703055066724097,0.2796900507432562,0.0034268228337168694,0.0009303283295594156,0.0012583881616592407,0.0004596286453306675,-0.001121808192692697,0.5034030079841614
63,0.001620100811123848,0.00034193636383861303,5.063340663909912,-5.609842147041111e-05,0.0001925945542438079,0.28992138414283597,0.0034645453561097383,0.0009531835676170886,0.0011890679597854614,0.00047808795352466404,-0.0011331223649904132,0.5115668177604675
64,0.0016900526825338602,0.00036142687895335257,5.063363075256348,-5.325395605634284e-05,0.00016789210469170257,0.30031399864396435,0.003497596364468336,0.0009745252318680286,0.0011172592639923096,0.0004953154711984098,-0.001140365842729807,0.5196309685707092
65,0.001760571845807135,0.0003813117218669504,5.063384056091309,-5.0381813012331175e-05,0.00014300175757964162,0.31086587830602413,0.0035259604919701815,0.000994242844171822,0.0010431855916976929,0.0005113767110742629,-0.0011436594650149345,0.5275946855545044
66,0.001831564586609602,0.00040155628812499344,5.063403606414795,-4.749219303662578e-05,0.00011800042241127962,0.32157502080481687,0.0035496396012604237,0.0010122290113940835,0.0009671598672866821,0.0005260615143924952,-0.001143160741776228,0.5354583263397217
67,0.0019029376562684774,0.0004221238777972758,5.063421249389648,-4.4592440664927355e-05,9.29618172120783e-05,0.33243946099003663,0.003568651620298624,0.001028380123898387,0.0008894205093383789,0.0005394400213845074,-0.001139022409915924,0.5432215929031372
68,0.0019745982717722654,0.0004429758118931204,5.063437461853027,-4.168984135382099e-05,6.795643412438324e-05,0.3434571445136623,0.0035830307751893997,0.0010425965301692486,0.0008101314306259155,0.0005514529766514897,-0.0011314378352835774,0.5508836507797241
69,0.0020464546978473663,0.0004640714614652097,5.063452243804932,-3.8788572299570746e-05,4.305204361942927e-05,0.35462604395988506,0.0035928264260292053,0.001054783002473414,0.0007296055555343628,0.0005621810560114682,-0.0011205284390598536,0.5584452152252197
70,0.002118416829034686,0.00048536842223256826,5.063465118408203,-3.5894092410863926e-05,1.831295079979256e-05,0.36594421131240745,0.0035981026012450457,0.0010648485040292144,0.0006479918956756592,0.0005715128500014544,-0.001106522511690855,0.5659059286117554
71,0.0021903954911977053,0.0005068225436843932,5.0634765625,-3.3012415975291696e-05,-6.1993585918074245e-06,0.3774095151184888,0.003598937066271901,0.0010727067710831761,0.0005654841661453247,0.0005793658783659339,-0.0010896078310906887,0.5732653737068176
72,0.002262303838506341,0.0005283880745992064,5.063486099243164,-3.0146470351465247e-05,-3.0426573565112136e-05,0.38901998716888825,0.0035954206250607967,0.001078277244232595,0.0004823058843612671,0.0005858395015820861,-0.0010699242120608687,0.5805240273475647
73,0.0023340568877756596,0.0005500177503563464,5.0634942054748535,-2.7299154842097122e-05,-5.431466823102582e-05,0.4007736286777004,0.003587656654417515,0.0010814842535182834,0.0003987550735473633,0.0005909150349907577,-0.0010477147297933698,0.5876833200454712
74,0.002405571984127164,0.0005716629093512893,5.06350040435791,-2.447414525452815e-05,-7.781234252379754e-05,0.412668452391462,0.003575759707018733,0.0010822579497471452,0.000314861536026001,0.0005945150041952729,-0.0010231671622022986,0.5947420597076416
75,0.002476769033819437,0.0005932736094109714,5.063505172729492,-2.167448714358364e-05,-0.00010087267645153553,0.4247024961092168,0.003559855278581381,0.0010805344209074974,0.00023077428340911865,0.0005966656026430428,-0.0009965181816369295,0.6017003655433655
76,0.0025475705042481422,0.0006147987442091107,5.063508033752441,-1.890110783478695e-05,-0.0001234512810657229,0.43687367783607983,0.003540078178048134,0.001076255808584392,0.00014671683311462402,0.0005974299856461585,-0.0009678872884251177,0.6085591316223145
77,0.0026179018896073103,0.0006361861596815288,5.063509464263916,-1.615623304445331e-05,-0.00014550872912999502,0.4491800413910353,0.003516572527587414,0.001069370424374938,6.29723072052002e-05,0.0005967725883238018,-0.0009375719237141311,0.6153199076652527
78,0.0026876917108893394,0.0006573828286491334,5.063508987426758,-1.3443166061507036e-05,-0.0001670074787734066,0.4616196728314207,0.0034894903656095266,0.0010598329827189445,-2.0548701286315918e-05,0.0005946126184426248,-0.0009057281422428787,0.6219810843467712
79,0.0027568715158849955,0.0006783349090255797,5.063507080078125,-1.0763947226894376e-05,-0.00018791344663782183,0.4741905715444913,0.0034589909482747316,0.0010476050665602088,-0.00010353326797485352,0.0005910140462219715,-0.0008725318475626409,0.6285449862480164
80,0.002825376344844699,0.0006989880348555744,5.063503265380859,-8.12117930236677e-06,-0.00020819649260106488,0.4868908083541842,0.0034252398181706667,0.0010326551273465157,-0.00018590688705444336,0.0005859780358150601,-0.0008382189553231001,0.635011613368988
81,0.0028931444976478815,0.0007192871998995543,5.063498020172119,-5.517700607168164e-06,-0.0002278290466271038,0.49971842798462535,0.0033884081058204174,0.0010149584850296378,-0.00026755034923553467,0.0005794966127723455,-0.0008029538439586759,0.6413811445236206
82,0.0029601179994642735,0.0007391771650873125,5.063490867614746,-2.9570519899623673e-06,-0.00024678657631382883,0.5126715305900262,0.0033486713655292988,0.0009944975608959794,-0.00034834444522857666,0.0005715613369829953,-0.0007669371552765369,0.6476550698280334
83,0.003026242135092616,0.0007586024003103375,5.063482284545898,-4.4125180950853905e-07,-0.00026504819297512583,0.5257482275039304,0.003306209109723568,0.0009712622850202024,-0.0004280656576156616,0.0005622819880954921,-0.0007303360616788268,0.6538345813751221
84,0.003091466147452593,0.0007775073754601181,5.063472270965576,2.0255217839508955e-06,-0.0002825958706225151,0.538946620463718,0.0032612041104584932,0.0009452494559809566,-0.0005068182945251465,0.0005515977391041815,-0.0006933734402991831,0.6599185466766357
85,0.0031557430047541857,0.0007958366186358035,5.063460350036621,4.439147572566419e-06,-0.0002994139809080476,0.5522648198907074,0.003213840536773205,0.0009164632647298276,-0.0005843788385391235,0.0005395393818616867,-0.0006561944028362632,0.6659091114997864
86,0.0032190291676670313,0.0008135349489748478,5.063446998596191,6.794410653948386e-06,-0.0003154905867563951,0.5657009957384774,0.0031643046531826258,0.0008849152363836765,-0.0006606876850128174,0.000526133575476706,-0.0006190342828631401,0.6718065142631531
87,0.003281284822151065,0.0008305474184453487,5.063432216644287,9.085150446087148e-06,-0.00033081390079714446,0.5792532938746757,0.0031127824913710356,0.0008506242884323001,-0.0007356405258178711,0.0005113244988024235,-0.0005819677608087659,0.6776123642921448
88,0.0033424741122871637,0.000846819777507335,5.063416004180908,1.130594200419735e-05,-0.0003453761666134536,0.5929198123357537,0.0030594603158533573,0.000813616905361414,-0.0008092373609542847,0.0004952356684952974,-0.0005451874458231032,0.6833266615867615
89,0.00340256467461586,0.0008622983004897833,5.063398361206055,1.3449753926653925e-05,-0.00035917037112409567,0.6066988639885394,0.003004523226991296,0.0007739268476143479,-0.0008812546730041504,0.00047781463945284486,-0.0005088127800263464,0.6889517307281494
90,0.003461527870967984,0.0008769301930442452,5.063379287719727,1.5509813159876077e-05,-0.000372192955328865,0.620588645920503,0.002948154928162694,0.0007315953844226897,-0.0009517669677734375,0.0004591678734868765,-0.0004730229265987873,0.694487452507019
91,0.0035193385556340218,0.0008906635921448469,5.063358783721924,1.747884929530204e-05,-0.0003844413993392415,0.6345872888873462,0.0028905365616083145,0.0006866707699373364,-0.0010207295417785645,0.000439305673353374,-0.0004379167512524873,0.6999340057373047
92,0.0035759755410254,0.0009034477407112718,5.0633368492126465,1.9348765114427844e-05,-0.00039591557001772415,0.6486931578433222,0.00283184670843184,0.0006392084178514779,-0.0010880082845687866,0.0004182742559351027,-0.00040365196764469147,0.7052934765815735
93,0.0036314206663519144,0.0009152331622317433,5.063313961029053,2.1111624992749572e-05,-0.000406617054748315,0.662904483960887,0.002772259758785367,0.0005892706685699522,-0.0011535584926605225,0.00039614608976989985,-0.00037033314583823085,0.7105671167373657
94,0.003685659496113658,0.0009259717189706862,5.063289642333984,2.275700645372423e-05,-0.00041654815888581,0.6772195689371139,0.002711946377530694,0.0005369264981709421,-0.0012174248695373535,0.0003728617448359728,-0.0003381034766789526,0.7157548666000366
95,0.0037386808544397354,0.0009356167283840477,5.063263893127441,2.427421714789692e-05,-0.00042571334578433984,0.6916367249101685,0.002651072107255459,0.00048225175123661757,-0.001279577612876892,0.0003485038469079882,-0.000307092210277915,0.7208577394485474
96,0.0037904768250882626,0.0009441233123652637,5.063237190246582,2.5654543507068892e-05,-0.00043411848719965285,0.7061542519553106,0.0025897971354424953,0.0004253288498148322,-0.0013400018215179443,0.0003232198941987008,-0.00027732725720852613,0.7258760929107666
97,0.003841042285785079,0.0009514482226222754,5.063209056854248,2.688912200280985e-05,-0.00044176967094156083,0.7207705053237703,0.002528275828808546,0.00036624609492719173,-0.0013985484838485718,0.00029704440385103226,-0.0002488562895450741,0.7308124899864197
98,0.0038903753738850355,0.0009575501899234951,5.063179969787598,2.7967171849848596e-05,-0.00044867511578039476,0.7354838752981022,0.002466656267642975,0.0003050975501537323,-0.001455262303352356,0.00027000601403415203,-0.00022185078705661,0.7356680631637573
99,0.003938477020710707,0.0009623898658901453,5.063149929046631,2.8879486175924656e-05,-0.00045484435093134934,0.7502927009292533,0.0024050800129771233,0.00024198289611376822,-0.0015101134777069092,0.00024224806111305952,-0.00019633330521173775,0.740443229675293
100,0.003985350485891104,0.0009659299976192415,5.0631184577941895,2.9614323496448133e-05,-0.00046028682253562714,0.7651955070000114,0.0023436814080923796,0.000177006731973961,-0.0015630871057510376,0.0002137179544661194,-0.0001724175817798823,0.7451385855674744
101,0.004031002055853605,0.0009681355440989137,5.063086032867432,3.0160883021170418e-05,-0.00046501329511716705,0.7801905505882564,0.002282587345689535,0.00011027877917513251,-0.0016142576932907104,0.00018453868688084185,-0.0001501404622104019,0.749754786491394
102,0.00407544057816267,0.0009689737926237285,5.063052654266357,3.0508860257700737e-05,-0.00046903534038733596,0.7952763727712882,0.0022219165693968534,4.1913292079698294e-05,-0.00166359543800354,0.0001548081054352224,-0.0001295381662202999,0.7542931437492371
103,0.004118676297366619,0.0009684143587946892,5.063018321990967,3.064741159214949e-05,-0.0004723647766511352,0.8104515078662111,0.0021617799066007137,-2.797144406940788e-05,-0.001711040735244751,0.0001245643652509898,-0.00011065615399274975,0.7587549686431885
104,0.0041607217863202095,0.0009664293029345572,5.06298303604126,3.0565351402903374e-05,-0.00047501513225522984,0.8257143935559429,0.00210227956995368,-9.925330959958956e-05,-0.0017565637826919556,9.391245839651674e-05,-9.358693205285817e-05,0.7631420493125916
105,0.004201591946184635,0.0009629931882955134,5.062946796417236,3.025271587903919e-05,-0.00047700007775253184,0.8410634984968359,0.002043509390205145,-0.00017180689610540867,-0.0018001943826675415,6.295462662819773e-05,-7.830267713870853e-05,0.7674550414085388
106,0.004241303075104952,0.0009580830810591578,5.062910079956055,2.9698315388160608e-05,-0.0004783333415556701,0.856497371104269,0.0019855538848787546,-0.00024550396483391523,-0.0018420517444610596,3.1708477763459086e-05,-6.486107304226607e-05,0.7716935873031616
107,0.004279872868210077,0.0009516787831671536,5.062872409820557,2.8892335856206335e-05,-0.0004790296628160995,0.872014486509,0.001928488607518375,-0.00032021375955082476,-0.0018820464611053467,3.1877425499260426e-07,-5.325670645106584e-05,0.775860071182251
108,0.004317320417612791,0.0009437627159059048,5.062833786010742,2.782513268439181e-05,-0.0004791044917060727,0.8876135449145914,0.0018723799148574471,-0.00039580356678925455,-0.0019202381372451782,-3.1122108339332044e-05,-4.3507039663381875e-05,0.7799549102783203
109,0.004353666212409735,0.0009343199199065566,5.0627946853637695,2.6487178276579536e-05,-0.0004785731891403522,0.9032932452487813,0.0018172849668189883,-0.00047213936340995133,-0.0019565075635910034,-6.255549669731408e-05,-3.560510231181979e-05,0.7839807271957397
110,0.004388931207358837,0.0009233382297679782,5.0627546310424805,2.4869129039362273e-05,-0.00047745162969192734,0.9190519788257729,0.0017632516101002693,-0.0005490859621204436,-0.00199107825756073,-9.389320621266961e-05,-2.956631942652166e-05,0.7879353165626526
111,0.004423137754201889,0.0009108080994337797,5.062714099884033,2.2962323119318534e-05,-0.0004757548515395005,0.9348884073755582,0.0017103181453421712,-0.0006265077390708029,-0.0020238012075424194,-0.00012508529471233487,-2.5329500203952193e-05,0.7918230891227722
112,0.004456308204680681,0.0008967227186076343,5.062673091888428,2.0759208629709505e-05,-0.00047349936051888086,0.9508012333028575,0.0016585136763751507,-0.0007042688084766269,-0.0020547956228256226,-0.0001559773663757369,-2.288898394908756e-05,0.7956430912017822
113,0.004488465376198292,0.0008810780709609389,5.062631607055664,1.8252182948796494e-05,-0.00047070226274592564,0.9667891900136021,0.0016078579938039184,-0.0007822337793186307,-0.0020840317010879517,-0.0001864889491116628,-2.2252483176998794e-05,0.7993969917297363
114,0.004519632551819086,0.0008638727013021708,5.062589168548584,1.5434772668854874e-05,-0.0004673806554593707,0.9828508622114234,0.0015583615750074387,-0.000860268366523087,-0.0021116286516189575,-0.00021652429131790996,-2.335946192033589e-05,0.8030840158462524
115,0.0045498330146074295,0.0008451078901998699,5.062546253204346,1.2300408547567849e-05,-0.000463551820120367,0.9989850521972392,0.0015100259333848953,-0.0009382397984154522,-0.0021374672651290894,-0.0002460172399878502,-2.620622399263084e-05,0.8067080974578857
116,0.0045790900476276875,0.0008247875375673175,5.062502861022949,8.842451889549917e-06,-0.0004592331937651739,1.0151903953148622,0.0014628436183556914,-0.001016017165966332,-0.0021616965532302856,-0.0002749099803622812,-3.0768540455028415e-05,0.8102680444717407
117,0.004607426002621651,0.000802918104454875,5.0624589920043945,5.0573066470427615e-06,-0.0004544420793157755,1.0314656893987644,0.0014167979825288057,-0.0010934718884527683,-0.0021842867136001587,-0.00030306115513667464,-3.6901445128023624e-05,0.8137655854225159
118,0.00463486323133111,0.0007795085548423231,5.06241512298584,9.395148134883006e-07,-0.0004491964756547784,1.0478096722269694,0.0013718641130253673,-0.0011704785283654928,-0.00220528244972229,-0.0003304374113213271,-4.466937389224768e-05,0.8172011971473694
119,0.004661423619836569,0.0007545702392235398,5.062370777130127,-3.5144620449123023e-06,-0.00044351371962325636,1.0642212124583057,0.0013280085986480117,-0.0012469148496165872,-0.002224653959274292,-0.00035696185659617186,-5.394476465880871e-05,0.8205773234367371
120,0.004687127191573381,0.0007281170110218227,5.062325954437256,-8.307897730123866e-06,-0.00043741158911880795,1.0806989798613529,0.0012851898791268468,-0.0013226623414084315,-0.002242565155029297,-0.00038255914114415646,-6.4693798776716e-05,0.8238925933837891
121,0.004711994435638189,0.0007001648773439229,5.062280654907227,-1.3443656243573609e-05,-0.00043090849387250607,1.0972419774640967,0.001243358594365418,-0.0013976068003103137,-0.0022589564323425293,-0.0004071360162924975,-7.687738980166614e-05,0.8271491527557373
122,0.0047360435128211975,0.0006707321153953671,5.062235355377197,-1.8923625884537663e-05,-0.0004240212397024212,1.1138489896566734,0.0012024575844407082,-0.0014716386795043945,-0.0022738873958587646,-0.00043069280218333006,-9.03790642041713e-05,0.8303480744361877
123,0.004759292118251324,0.0006398390396498144,5.06218957901001,-2.4748835289118977e-05,-0.0004167683651414844,1.1305188120434453,0.0011624227045103908,-0.0015446532052010298,-0.0022873282432556152,-0.00045308980043046176,-0.00010515752364881337,0.833491325378418
124,0.004781755618751049,0.0006075080018490553,5.062143802642822,-3.091899686913885e-05,-0.00040916691161307917,1.147250412255778,0.0011231828248128295,-0.001616551191546023,-0.0022993385791778564,-0.0004743194440379739,-0.00012107478687539697,0.8365784287452698
125,0.004803448915481567,0.0005737632163800299,5.062097549438477,-3.743432690536814e-05,-0.00040123508556821896,1.1640425598261692,0.0010846604127436876,-0.001687239040620625,-0.002310037612915039,-0.0004942999221384525,-0.0001381398760713637,0.839609682559967
126,0.004824384581297636,0.0005386306438595057,5.062051296234131,-4.429454293635354e-05,-0.0003929901063068897,1.1808942365316224,0.0010467717656865716,-0.0017566293245181441,-0.0023193806409835815,-0.0005130272475071251,-0.00015625660307705402,0.8425871729850769
127,0.004844573326408863,0.0005021378165110946,5.062004566192627,-5.149618523548511e-05,-0.0003844493176345942,1.1978044884452217,0.0010094274766743183,-0.0018246409017592669,-0.0023275017738342285,-0.0005303986836224794,-0.00017523129645269364,0.8455102443695068
128,0.004864023998379707,0.0004643138381652534,5.061957836151123,-5.903851899944554e-05,-0.00037562974777416436,1.2147721845295327,0.000972533249296248,-0.0018911993829533458,-0.0023343414068222046,-0.0005464491550810635,-0.00019513799634296447,0.8483807444572449
129,0.0048827435821294785,0.000425189093220979,5.061911106109619,-6.691746409979391e-05,-0.0003665480267200927,1.2317961491699692,0.0009359894902445376,-0.0019562370143830776,-0.0023398995399475098,-0.0005611110827885568,-0.000215758424019441,0.8512002825737
130,0.004900737665593624,0.00038479521754197776,5.061864376068115,-7.512890295289345e-05,-0.00035722082312306114,1.2488755503323872,0.0008996926480904222,-0.002019693376496434,-0.002344191074371338,-0.0005743558285757899,-0.0002370361180510372,0.8539701700210571
131,0.004918008577078581,0.00034316492383368313,5.061817646026611,-8.366855313935814e-05,-0.00034766465999735985,1.2660092358307944,0.0008635353296995163,-0.002081515034660697,-0.0023473650217056274,-0.0005861676181666553,-0.0002589082287158817,0.8566890358924866
132,0.004934556782245636,0.00030033179791644216,5.061770439147949,-9.25304376289522e-05,-0.00033789533400518934,1.2831964983712705,0.0008274066494777799,-0.002141656121239066,-0.002349346876144409,-0.0005965347518213093,-0.0002812269958667457,0.8593602776527405
133,0.00495038041844964,0.0002563302405178547,5.061723232269287,-0.00010170831602169007,-0.0003279288359216981,1.3004362446369637,0.0007911931024864316,-0.0022000784520059824,-0.0023502707481384277,-0.0006054334226064384,-0.00030392836197279394,0.8619828820228577
134,0.0049654762260615826,0.0002111952198902145,5.061676025390625,-0.00011119431294608019,-0.00031778020973027843,1.3177272988661837,0.0007547788554802537,-0.0022567512933164835,-0.002350151538848877,-0.0006128795212134719,-0.0003268629661761224,0.8645572066307068
135,0.004979837220162153,0.0001649621844990179,5.061628818511963,-0.00012098008831745641,-0.00030746429132633146,1.3350690173339193,0.0007180463871918619,-0.0023116518277674913,-0.0023489445447921753,-0.000618870893958956,-0.000349943496985361,0.8670864105224609
136,0.0049934545531868935,0.00011766688839998096,5.061582088470459,-0.00013105781692868273,-0.0002969957248926125,1.3524605156288432,0.0006808771286159754,-0.0023647649213671684,-0.0023467838764190674,-0.0006234217435121536,-0.0003731435863301158,0.8695690035820007
137,0.005006317514926195,6.934523116797209e-05,5.061535358428955,-0.00014141851420634299,-0.0002863885300685709,1.3699006461583012,0.000643151521217078,-0.002416083123534918,-0.0023437291383743286,-0.0006265531410463154,-0.00039634137647226453,0.8720051050186157
138,0.005018412601202726,2.0033097825944424e-05,5.061488628387451,-0.0001520521336448983,-0.000275656045394701,1.3873886607840504,0.0006047497736290097,-0.002465606667101383,-0.0023396462202072144,-0.0006282913382165134,-0.00041942091775126755,0.8743982315063477
139,0.005029723513871431,-3.023377212230116e-05,5.061441898345947,-0.0001629480286852293,-0.00026481088038443623,1.4049236209230096,0.0005655524437315762,-0.002513343468308449,-0.0023347586393356323,-0.0006286787101998925,-0.0004422933852765709,0.8767468929290771
140,0.005040232557803392,-8.14199447631836e-05,5.061395168304443,-0.00017409409773246867,-0.0002538652355237314,1.422504737780626,0.0005254408461041749,-0.0025593088939785957,-0.002329006791114807,-0.0006277345237322152,-0.00046483264304697514,0.8790523409843445
141,0.005049918312579393,-0.0001334904518444091,5.061348915100098,-0.00018547840167274594,-0.00024283084753462525,1.4401312204960572,0.00048429769231006503,-0.002603525295853615,-0.002322375774383545,-0.0006255048210732639,-0.0004869893891736865,0.8813170194625854
142,0.0050587584264576435,-0.00018641090719029307,5.061302661895752,-0.0001970867431157907,-0.00023171871548810508,1.4578020823777427,0.00044200755655765533,-0.0026460227090865374,-0.002314954996109009,-0.0006220335490070283,-0.0005085989832878113,0.8835402131080627
143,0.005066727753728628,-0.0002401476667728275,5.061256408691406,-0.00020890686206529826,-0.00022053942969635365,1.4755164515408445,0.0003984574868809432,-0.002686837688088417,-0.002306804060935974,-0.0006173790316097438,-0.0005297078751027584,0.8857219219207764
144,0.005073798354715109,-0.00029466793057508767,5.061210632324219,-0.0002209224331041488,-0.00020930245560890626,1.493273696825996,0.00035353703424334526,-0.0027260135393589735,-0.0022978782653808594,-0.0006116032018326223,-0.0005500625120475888,0.8878644704818726
145,0.005079941358417273,-0.00034993994631804526,5.061164855957031,-0.0002331193734742627,-0.00019801687520271116,1.5110729801458038,0.0003071393584832549,-0.0027636003214865923,-0.0022882074117660522,-0.0006047742208465934,-0.0005697293090634048,0.8899683952331543
146,0.005085124634206295,-0.00040593300946056843,5.061119079589844,-0.00024548168372930237,-0.00018669090290979184,1.5289135684432402,0.0002591611410025507,-0.0027996539138257504,-0.0022778958082199097,-0.0005969645571894944,-0.0005885693244636059,0.8920329809188843
147,0.00508931465446949,-0.0004626177251338959,5.0610737800598145,-0.0002579922831396143,-0.00017533223749532922,1.5467947457815339,0.00020950312318746,-0.0028342357836663723,-0.0022669583559036255,-0.0005882359691895545,-0.0006064926856197417,0.8940592408180237
148,0.005092476028949022,-0.0005199660081416368,5.061028480529785,-0.00027063431637462605,-0.00016394763452143302,1.5647157298046197,0.00015807068848516792,-0.002867413219064474,-0.0022553950548171997,-0.0005786801921203732,-0.0006234772736206651,0.8960486054420471
149,0.005094571504741907,-0.000577951199375093,5.060983657836914,-0.000283389397430168,-0.00015254299736211507,1.5826757603289554,0.00010477400792296976,-0.002899258164688945,-0.002243220806121826,-0.0005683897761628032,-0.0006394112133421004,0.8980013132095337
150,0.005095561966300011,-0.0006365481531247497,5.060938835144043,-0.00029623876656725834,-0.0001411231419476966,1.6006740954000875,4.952855306328274e-05,-0.00292984745465219,-0.002230525016784668,-0.0005574629176408052,-0.0006542588816955686,0.8999168276786804
151,0.005095406901091337,-0.0006957334117032588,5.06089448928833,-0.0003091633068135975,-0.00012969227575965192,1.6187100092982958,-7.744612958049402e-06,-0.0029592616483569145,-0.0022172629833221436,-0.0005459897220134735,-0.0006679725483991206,0.9017970561981201
152,0.005094064399600029,-0.0007554850890301168,5.060850620269775,-0.0003221446361757446,-0.00011825373198592892,1.6367829696793212,-6.711862806696445e-05,-0.002987585263326764,-0.0022034645080566406,-0.0005340626230463386,-0.0006805769517086446,0.9036439061164856
153,0.005091491155326366,-0.0008157832198776305,5.060806751251221,-0.0003351596664446218,-0.00010680957933284496,1.6548920316366205,-0.0001286608021473512,-0.003014905843883753,-0.002189233899116516,-0.0005218170117586851,-0.0006918303552083671,0.9054561257362366
154,0.005087642464786768,-0.000876609468832612,5.060763359069824,-0.00034818790034511966,-9.536139902266427e-05,1.6730366881155565,-0.00019243164570070803,-0.003041313262656331,-0.0021745413541793823,-0.0005093306535854936,-0.0007018496980890632,0.9072343707084656
155,0.0050824726931750774,-0.0009379474795423448,5.060719966888428,-0.0003612080190981878,-8.390945046699017e-05,1.6912162899867567,-0.000258485262747854,-0.0030668997205793858,-0.0021593719720840454,-0.0004967321874573827,-0.0007106013945303857,0.9089802503585815
156,0.005075935274362564,-0.0009997827000916004,5.0606770515441895,-0.0003741981111625121,-7.245314319703766e-05,1.7094301216697343,-0.0003268691652920097,-0.0030917590484023094,-0.0021438002586364746,-0.0004841316258534789,-0.0007180618704296649,0.9106943011283875
157,0.0050679827108979225,-0.0010621023830026388,5.060634613037109,-0.0003871360897769062,-6.0990470036825783e-05,1.7276776951356272,-0.0003976241569034755,-0.003115985542535782,-0.002127900719642639,-0.0004716574330814183,-0.0007242371793836355,0.9123747944831848
158,0.00505856703966856,-0.0011248958762735128,5.060592174530029,-0.000399997866673751,-4.9518277056570525e-05,1.745958169384296,-0.00047078431816771626,-0.003139674197882414,-0.002111569046974182,-0.0004594529455062002,-0.0007290508947335184,0.9140251278877258
159,0.005047639366239309,-0.0011881542159244418,5.060550212860107,-0.00041275959748706455,-3.803252323231199e-05,1.7642709611356706,-0.0005463767447508872,-0.003162919543683529,-0.0020948946475982666,-0.0004476222093217075,-0.0007325407350435853,0.9156448841094971
160,0.005035150796175003,-0.001251870533451438,5.060508728027344,-0.00042539501605936837,-2.6528237812462052e-05,1.7826156049996966,-0.0006244216347113252,-0.003185814945027232,-0.0020779669284820557,-0.00043629936408251524,-0.0007346216007135808,0.9172337055206299
161,0.005021051969379187,-0.001316039590165019,5.060467720031738,-0.0004378783309739781,-1.4999251607195063e-05,1.8009914140430128,-0.000704931968357414,-0.0032084526028484106,-0.0020606666803359985,-0.0004256117681507021,-0.0007353599066846073,0.9187943935394287
162,0.005005293525755405,-0.001380658010020852,5.060426712036133,-0.0004501847475194159,-3.4385239939815904e-06,1.8193978738171863,-0.0007879139157012105,-0.003230922156944871,-0.002043098211288452,-0.0004156536015216261,-0.0007348449435085058,0.9203259944915771
163,0.004987826105207205,-0.0014457241632044315,5.0603861808776855,-0.00046228642654226474,8.162506130338087e-06,1.8378343951364124,-0.0008733669528737664,-0.0032533106859773397,-0.002025201916694641,-0.00040660714148543775,-0.0007329930667765439,0.9218295812606812
164,0.00496860034763813,-0.0015112381661310792,5.0603461265563965,-0.00047415687693823914,1.981332611511455e-05,1.8563004173153475,-0.0009612839203327894,-0.0032757017761468887,-0.002007126808166504,-0.00039856237708590925,-0.0007299255230464041,0.9233046770095825
165,0.004947567358613014,-0.0015772016486153007,5.060306549072266,-0.0004857692722306377,3.1524348550693304e-05,1.8747955288197595,-0.0010516513139009476,-0.003298174822703004,-0.001988843083381653,-0.0003916329296771437,-0.0007256941171362996,0.9247514605522156
166,0.00492467824369669,-0.0016436177538707852,5.060266971588135,-0.0004970963854122292,4.3308367306371665e-05,1.8933190102694304,-0.0011444496922194958,-0.0033208047971129417,-0.001970261335372925,-0.0003860041906591505,-0.0007203728891909122,0.9261733293533325
167,0.004899885039776564,-0.0017104910220950842,5.060227870941162,-0.0005081096970959921,5.5178713774139965e-05,1.9118703062114148,-0.0012396539095789194,-0.003343661315739155,-0.0019516050815582275,-0.0003817765391431749,-0.0007139747031033039,0.9275662899017334
168,0.004873140249401331,-0.001777827157638967,5.060189247131348,-0.0005187781889387464,6.715026243009348e-05,1.9304490550261537,-0.0013372335815802217,-0.0033668079413473606,-0.0019327551126480103,-0.0003791242779698223,-0.0007064840174280107,0.9289337992668152
169,0.004844397306442261,-0.0018456331454217434,5.060151100158691,-0.0005290730278154505,7.923926499486811e-05,1.949054527386408,-0.0014371526194736362,-0.003390301251783967,-0.0019137263298034668,-0.0003781421110033989,-0.000698102347087115,0.9302762746810913
170,0.0048136101104319096,-0.0019139170181006193,5.060113430023193,-0.0005389653225764771,9.146344137200835e-05,1.9676864743927451,-0.001539370627142489,-0.003414191072806716,-0.0018945485353469849,-0.0003789431357290596,-0.000688941334374249,0.9315935373306274
171,0.004780733026564121,-0.001982687506824732,5.060075759887695,-0.0005484232021414759,0.00010384201130331228,1.9863441613124717,-0.001643843250349164,-0.003438519313931465,-0.001875266432762146,-0.0003817077085841447,-0.0006789821200072765,0.9328859448432922
172,0.004745722748339176,-0.002051953924819827,5.0600385665893555,-0.0005574183902628586,0.0001163956049421433,2.0050272690924946,-0.001750522293150425,-0.0034633195027709007,-0.001855805516242981,-0.00038647453766316175,-0.0006685208063572645,0.9341549873352051
173,0.004708535503596067,-0.002121726283803582,5.060001850128174,-0.0005659164167713879,0.0001291470075366341,2.0237351496415124,-0.0018593569984659553,-0.0034886160865426064,-0.0018362998962402344,-0.00039351306622847915,-0.0006574220606125891,0.935399055480957
174,0.004669129848480225,-0.002192014828324318,5.05996561050415,-0.0005738869953750186,0.00014212013291037273,2.0424675118391864,-0.0019702939316630363,-0.0035144241992384195,-0.0018166601657867432,-0.0004028224793728441,-0.0006460116128437221,0.9366211891174316
175,0.004627464339137077,-0.002262829802930355,5.059929847717285,-0.0005812966711624117,0.00015534088885260644,2.0612238455480827,-0.0020832777954638004,-0.003540748730301857,-0.0017969757318496704,-0.0004145969287492335,-0.000634316704235971,0.9378204941749573
176,0.0045834993943572044,-0.0023341814521700144,5.05989408493042,-0.000588112022742305,0.00016883707212023147,2.080003753281288,-0.0021982525940984488,-0.003567584091797471,-0.0017773061990737915,-0.0004289476783014834,-0.0006225031684152782,0.9389955997467041
177,0.004537196364253759,-0.002406079787760973,5.059858798980713,-0.0005942997730638067,0.00018263870899737356,2.09880676969588,-0.0023151617497205734,-0.0035949135199189186,-0.001757502555847168,-0.00044599463581107557,-0.0006107688532210886,0.9401499629020691
178,0.00448851753026247,-0.0024785338900983334,5.059823989868164,-0.0005998246631412784,0.00019677800063400142,2.117632411683581,-0.002433949615806341,-0.003622708609327674,-0.001737743616104126,-0.0004658940015360713,-0.0005992227816022933,0.9412814974784851
179,0.00443742610514164,-0.0025515523739159107,5.059789657592773,-0.0006046515863489617,0.00021128891701405195,2.1364802002488963,-0.0025545619428157806,-0.003650928847491741,-0.001717880368232727,-0.0004887335817329586,-0.0005880651297047734,0.9423931241035461
180,0.00438388716429472,-0.002625142689794302,5.059755802154541,-0.0006087435000711427,0.00022620761414304802,2.155349840214928,-0.002676946809515357,-0.0036795209161937237,-0.0016980767250061035,-0.0005146564217284322,-0.000577431230340153,0.9434822201728821
181,0.004327866248786449,-0.002699311124160886,5.059722423553467,-0.0006120612952473613,0.0002415726784694705,2.17424088492474,-0.002801055321469903,-0.0037084189243614674,-0.0016782283782958984,-0.0005438204971142113,-0.0005674581043422222,0.9445520639419556
182,0.0042693293653428555,-0.0027740621007978916,5.059689044952393,-0.0006145666837236717,0.0002574247218500858,2.193152936562965,-0.002926842775195837,-0.0037375432439148426,-0.001658409833908081,-0.0005762834334746003,-0.0005584174068644643,0.9456014633178711
183,0.004208243917673826,-0.0028493981808423996,5.059656143188477,-0.0006162194096502726,0.0002738074935999535,2.212085541984334,-0.003054269589483738,-0.0037668002769351006,-0.0016386061906814575,-0.0006122076883912086,-0.0005504856817424297,0.9466312527656555
184,0.0041445777751505375,-0.002925319829955697,5.059623718261719,-0.0006169758054918418,0.0002907673284817669,2.231038422494572,-0.003183302702382207,-0.003796082455664873,-0.0016187578439712524,-0.0006517779547721148,-0.0005438056541606784,0.947642982006073
185,0.004078299272805452,-0.0030018251854926348,5.059591770172119,-0.0006167905599285643,0.0003083527853944279,2.250011093233704,-0.003313915804028511,-0.0038252673111855984,-0.0015990734100341797,-0.0006950997048988938,-0.0005385747062973678,0.9486332535743713
186,0.0040093776769936085,-0.0030789095908403397,5.059560298919678,-0.0006156180808217693,0.0003266142180742282,2.269003191302985,-0.0034460911992937326,-0.003854217240586877,-0.001579388976097107,-0.0007422210182994604,-0.0005350434803403914,0.9496060609817505
187,0.003937781322747469,-0.0031565651297569275,5.0595293045043945,-0.0006134094054261536,0.00034560583984299953,2.288014420815953,-0.0035798202734440565,-0.0038827795069664717,-0.001559719443321228,-0.0007933437591418624,-0.0005334130837582052,0.9505610466003418
188,0.003863479243591428,-0.0032347808592021465,5.059498310089111,-0.0006101130416765396,0.0003653849112863483,2.307044372405314,-0.003715104889124632,-0.003910785540938377,-0.0015401691198349,-0.0008486154838465154,-0.0005339225754141808,0.9514973163604736
189,0.0037864400073885918,-0.003313541878014803,5.059467792510986,-0.0006056738979279277,0.00038601128819659714,2.3260927116524615,-0.003851959016174078,-0.003938050474971533,-0.0015206485986709595,-0.0009081882890313864,-0.0005367571138776839,0.9524164199829102
190,0.0037066317163407803,-0.0033928293269127607,5.0594377517700195,-0.0006000376045181126,0.000407547535570707,2.3451591278183868,-0.003990409430116415,-0.003964373376220465,-0.001501128077507019,-0.0009720666566863656,-0.0005422752583399415,0.9533196091651917
191,0.0036240217741578817,-0.003472620155662298,5.059408187866211,-0.0005931451641308863,0.00043005981302068896,2.3642432712371098,-0.004130497109144926,-0.003989536780864,-0.0014817416667938232,-0.0010404520435258746,-0.0005506993620656431,0.9542049169540405
192,0.0035385761875659227,-0.0035528861917555332,5.0593791007995605,-0.0005849320053875062,0.00045361827159018375,2.383344707587508,-0.004272278863936663,-0.004013306461274624,-0.001462399959564209,-0.00111359020229429,-0.0005622284370474517,0.9550745487213135
193,0.003450259566307068,-0.0036335948389023542,5.05935001373291,-0.0005753342949217723,0.0004782961373439587,2.4024631676871837,-0.004415828734636307,-0.004035430960357189,-0.0014431923627853394,-0.001191462972201407,-0.0005772889708168805,0.9559271931648254
194,0.003359034890308976,-0.0037147076800465584,5.059321403503418,-0.0005642823497043752,0.0005041709014619311,2.4215984511790114,-0.004561239387840033,-0.004055642057210207,-0.0014241188764572144,-0.0012742942199110985,-0.0005961193819530308,0.9567627906799316
195,0.003264862345531583,-0.003796180710196495,5.059293270111084,-0.0005517024359420039,0.0005313243670650447,2.4407501138946404,-0.004708623979240656,-0.004073653370141983,-0.0014051198959350586,-0.0013622625265270472,-0.0006190479034557939,0.9575828313827515
196,0.00316770002245903,-0.0038779638707637787,5.059265613555908,-0.0005375154724394203,0.0005598436438154497,2.459917876939213,-0.004858116619288921,-0.00408916175365448,-0.0013862252235412598,-0.0014555962989106774,-0.0006464194739237428,0.9583877921104431
197,0.0030675025191158056,-0.003960000816732645,5.059238433837891,-0.0005216389747138547,0.0005898215892952141,2.479101416367668,-0.005009876098483801,-0.004101844504475594,-0.0013674497604370117,-0.0015544532798230648,-0.0006786875310353935,0.9591776728630066
198,0.0029642207082360983,-0.00404222821816802,5.059211254119873,-0.0005039847372322211,0.0006213555454366304,2.4983004196784955,-0.005164085887372494,-0.004111361689865589,-0.0013488531112670898,-0.0016590117011219263,-0.000716193113476038,0.9599521160125732
199,0.002857801504433155,-0.0041245752945542336,5.059184551239014,-0.000484459387013422,0.0006545507042516885,2.517514636362102,-0.005320957396179438,-0.00411735475063324,-0.0013303011655807495,-0.001769527094438672,-0.0007594627095386386,0.9607126712799072
200,0.002748186932876706,-0.0042069642804563046,5.0591583251953125,-0.00046296298431610305,0.0006895188741464775,2.536743765703182,-0.005480731837451458,-0.004119445104151964,-0.0013119429349899292,-0.001886241021566093,-0.0008089528419077396,0.9614578485488892
201,0.0026353131979703903,-0.004289309028536081,5.0591325759887695,-0.0004393900887387608,0.0007263804528785389,2.5559875023342706,-0.005643682088702917,-0.004117236007004976,-0.0012936890125274658,-0.0020093824714422226,-0.0008652579272165895,0.9621895551681519
202,0.002519110916182399,-0.004371515475213528,5.059106826782227,-0.00041362712519806547,0.0007652646896265658,2.5752456415408673,-0.005810115952044725,-0.004110310692340136,-0.0012755393981933594,-0.0021392754279077053,-0.0009289528243243694,0.9629078507423401
203,0.0023995032534003258,-0.004453480243682861,5.059081554412842,-0.0003855521213822546,0.0008063128282953524,2.5945179285307858,-0.005980378482490778,-0.00409823190420866,-0.001257583498954773,-0.002276299986988306,-0.001000767108052969,0.9636120796203613
204,0.002276406157761812,-0.004535091109573841,5.059056758880615,-0.0003550364662927692,0.0008496771045776175,2.6138039480871003,-0.0061548552475869656,-0.004080541897565126,-0.0012398064136505127,-0.0024207020178437233,-0.0010814708657562733,0.9643020629882812
205,0.00214972672984004,-0.00461622653529048,5.059032440185547,-0.0003219404349447988,0.0008955241564312377,2.633103508392187,-0.006333976052701473,-0.004056761506944895,-0.0012221187353134155,-0.002572956494987011,-0.0011719162575900555,0.9649802446365356
206,0.0020193622913211584,-0.004696754273027182,5.0590081214904785,-0.0002861144006350349,0.0009440365174309129,2.6524164370272936,-0.006518218666315079,-0.004026390146464109,-0.001204565167427063,-0.0027334769256412983,-0.0012730974704027176,0.9656456708908081
207,0.0018852000357583165,-0.004776532296091318,5.058984279632568,-0.0002473971439633897,0.0009954152168432095,2.671742426278528,-0.006708112545311451,-0.003988904412835836,-0.0011871904134750366,-0.002902750391513109,-0.0013861216139048338,0.9662984609603882
208,0.001747115165926516,-0.004855407401919365,5.058960914611816,-0.00020561320149154247,0.001049881948183673,2.6910812563673163,-0.006904244422912598,-0.003943757154047489,-0.001170039176940918,-0.0030813701450824738,-0.0015122243203222752,0.9669376015663147
209,0.001604969846084714,-0.004933214746415615,5.058938026428223,-0.00016057539727047418,0.0011076828327829524,2.7104325961343365,-0.007107263896614313,-0.003890376538038254,-0.0011529773473739624,-0.0032698186114430428,-0.0016528982669115067,0.9675650000572205
210,0.0014586120378226042,-0.005009777843952179,5.058915138244629,-0.00011208130554678202,0.0011690924128382463,2.729796281956101,-0.007317888550460339,-0.003828166052699089,-0.001135990023612976,-0.0034687218721956015,-0.001809821929782629,0.9681821465492249
211,0.0013078737538307905,-0.005084908101707697,5.058892726898193,-5.9910305451390236e-05,0.001234416256695292,2.749172120706782,-0.0075369118712842464,-0.003756502643227577,-0.001119181513786316,-0.003678795648738742,-0.0019848193041980267,0.9687873125076294
212,0.0011525695445016026,-0.00515840295702219,5.058870792388916,-3.8246481709838785e-06,0.0013039976357425154,2.76855979306001,-0.007765210699290037,-0.0036747357808053493,-0.0011025816202163696,-0.0039007142186164856,-0.0021801297552883625,0.9693799018859863
213,0.0009924944024533033,-0.005230046808719635,5.058848857879639,5.643483276803095e-05,0.001378222593753975,2.787959101241027,-0.00800375547260046,-0.003582186298444867,-0.0010861605405807495,-0.00413528922945261,-0.0023982212878763676,0.9699611067771912
214,0.000827422016300261,-0.005299609620124102,5.0588274002075195,0.0001211497719704708,0.0014575271544228219,2.8073698484271454,-0.008253618143498898,-0.003478145692497492,-0.0010698139667510986,-0.004383344668895006,-0.002642000326886773,0.9705325961112976
215,0.0006571022677235305,-0.005366846919059753,5.058806419372559,0.00019062262539197268,0.001542403892167421,2.826791801930134,-0.008515987545251846,-0.003361874260008335,-0.0010536760091781616,-0.004645541310310364,-0.0029148287139832973,0.9710922241210938
216,0.0004812586703337729,-0.005431498866528273,5.058785438537598,0.0002651814544663041,0.0016334114380986975,2.846224760216479,-0.008792180567979813,-0.00323260179720819,-0.0010377317667007446,-0.0049226777628064156,-0.0032205255702137947,0.9716408252716064
217,0.0002995855174958706,-0.005493289325386286,5.058764934539795,0.00034518044083609663,0.0017311852805856898,2.865668530519631,-0.009083658456802368,-0.0030895264353603125,-0.0010218024253845215,-0.005215471610426903,-0.00356356636621058,0.9721814393997192
218,0.0001117445935960859,-0.005551925860345364,5.05874490737915,0.0004310008755006372,0.0018364493148679273,2.885122867953455,-0.009392046369612217,-0.0029318153392523527,-0.0010061413049697876,-0.005524524487555027,-0.003949069418013096,0.9727096557617188
219,-8.263842028100044e-05,-0.005607097875326872,5.058724880218506,0.0005230529365780364,0.0019500287921432324,2.9045876519236606,-0.009719151072204113,-0.002758605172857642,-0.000990450382232666,-0.005850339774042368,-0.004382912535220385,0.9732299447059631
220,-0.0002839781518559903,-0.005658478010445833,5.0587053298950195,0.0006217730961862105,0.0020728676374826005,2.924062662649498,-0.01006698701530695,-0.002569004660472274,-0.0009749829769134521,-0.006193049252033234,-0.004871920682489872,0.973738968372345
221,-0.0004927341942675412,-0.005705719813704491,5.058686256408691,0.0007276240188789935,0.0022060460383994673,2.9435476672820178,-0.010437803342938423,-0.002362098079174757,-0.0009596049785614014,-0.006552498787641525,-0.005423936527222395,0.9742388129234314
222,-0.0007094165193848312,-0.005748458672314882,5.058667182922363,0.0008410926748412411,0.00235080122861131,2.9630425213559315,-0.01083411555737257,-0.0021369503811001778,-0.0009442567825317383,-0.0069280583411455154,-0.006047931499779224,0.9747300148010254
223,-0.0009345912840217352,-0.0057863108813762665,5.058648586273193,0.0009626835721547438,0.0025085520095304847,2.9825470243939924,-0.011258739046752453,-0.0018926160410046577,-0.0009289681911468506,-0.007318317890167236,-0.006754186004400253,0.9752109050750732
224,-0.0011688879458233714,-0.005818874109536409,5.058630466461182,0.0010929122188128863,0.0026809254723079157,3.0020610396593668,-0.011714831925928593,-0.0016281503485515714,-0.0009136795997619629,-0.0077209994196891785,-0.007554454263299704,0.9756838083267212
225,-0.001413006684742868,-0.00584572646766901,5.05861234664917,0.0012322957230250723,0.002869788853694377,3.021584398626861,-0.012205938808619976,-0.0013426258228719234,-0.0008982568979263306,-0.008132671006023884,-0.00846205186098814,0.9761484265327454
226,-0.001667727599851787,-0.005866429768502712,5.058594703674316,0.00138133471345643,0.003077284582971629,3.0411169361995225,-0.012736043892800808,-0.0010351534001529217,-0.0008827298879623413,-0.008548244833946228,-0.009492109529674053,0.9766045212745667
227,-0.0019339201971888542,-0.005880528129637241,5.058577537536621,0.0015404974528235762,0.0033058697424592776,3.0606584827606453,-0.013309629634022713,-0.0007049123523756862,-0.0008670240640640259,-0.008960796520113945,-0.01066159550100565,0.977051854133606
228,-0.0022125549148768187,-0.005887551698833704,5.058560371398926,0.0017101878518919085,0.0035583592950547693,3.080208900601839,-0.013931741006672382,-0.00035118713276460767,-0.0008509606122970581,-0.009360745549201965,-0.011989508755505085,0.9774913787841797
229,-0.0025047161616384983,-0.0058870199136435986,5.058543682098389,0.0018907100527747619,0.0038379765693350443,3.0997680334909585,-0.014608058147132397,2.658276935108006e-05,-0.0008343607187271118,-0.009735338389873505,-0.013496890664100647,0.9779231548309326
230,-0.002811615588143468,-0.005878445226699114,5.05852746963501,0.002082222761132919,0.004148402839391885,3.1193357442518628,-0.015344974584877491,0.0004287399642635137,-0.0008170604705810547,-0.010068047791719437,-0.015206829644739628,0.97834712266922
231,-0.0031346092000603676,-0.005861338693648577,5.058511734008789,0.002284676204903469,0.004493836088473202,3.138911910719451,-0.01614968478679657,0.0008553288644179702,-0.0007987022399902344,-0.010337300598621368,-0.017144368961453438,0.978764533996582
232,-0.0034752145875245333,-0.005835218820720911,5.058495998382568,0.002497734684998278,0.004879049969595206,-3.1246888910323842,-0.017030272632837296,0.0013059948105365038,-0.0007789731025695801,-0.010515735484659672,-0.019336266443133354,0.9791753888130188
233,-0.0038351307157427073,-0.005799621809273958,5.058480739593506,0.0027206783013521505,0.00530945495552948,-3.1050961845605602,-0.017995810136198997,0.0017798581393435597,-0.0007575452327728271,-0.010568708181381226,-0.02181052416563034,0.9795784950256348
234,-0.004216259811073542,-0.005754114594310522,5.058465957641602,0.0029522846006642626,0.005791158575574107,-3.0854953727470904,-0.01905645802617073,0.002275357721373439,-0.0007337033748626709,-0.010453218594193459,-0.0245957188308239,0.9799763560295105
235,-0.004620730876922607,-0.005698313470929861,5.0584516525268555,0.0031906740045707584,0.006331021966700323,-3.0658865468054426,-0.020223557949066162,0.002790059894323349,-0.000706791877746582,-0.010115932673215866,-0.027719954028725624,0.9803689122200012
236,-0.00505092553794384,-0.005631905049085617,5.058438301086426,0.003433131135520364,0.006936705827869982,-3.046269824248901,-0.021509725600481033,0.0033204248175024986,-0.0006759762763977051,-0.0094918729737401,-0.031209448352456093,0.9807563424110413
237,-0.005509504117071629,-0.005554674658924341,5.058425426483154,0.0036758771581271643,0.007616704483427217,-3.02664528108758,-0.022928934544324875,0.003861525095999241,-0.0006402581930160522,-0.008502100594341755,-0.03508646413683891,0.981139063835144
238,-0.005999435670673847,-0.005466540344059467,5.058413505554199,0.003913806465976752,0.008380356165506031,-3.007012981330392,-0.024496570229530334,0.004406709223985672,-0.0005984455347061157,-0.007052285596728325,-0.03936674818396568,0.9815195202827454
239,-0.006524024531245232,-0.005367596168071032,5.0584025382995605,0.004140166583783829,0.009237811865476786,-2.9873730058684225,-0.026229454204440117,0.004947201814502478,-0.0005492269992828369,-0.005030537489801645,-0.04405594244599342,0.9818987846374512
240,-0.0070869410410523415,-0.005258163437247276,5.058392524719238,0.004346189683259985,0.010199972960195813,-2.967725458156202,-0.028145821765065193,0.005471635144203901,-0.0004912763833999634,-0.0023059449158608913,-0.04914519190788269,0.9822764992713928
241,-0.0076922457665205,-0.005138853099197149,5.058383941650391,0.004520660989696528,0.011278342681706688,-2.9480705016149042,-0.030265234410762787,0.005965507589280605,-0.000423237681388855,0.0012726429849863052,-0.05460551008582115,0.9826540350914001
242,-0.008344413712620735,-0.005010641645640135,5.058377265930176,0.004649432228539942,0.012484795222585499,-2.9284082903557747,-0.03260839357972145,0.006410563364624977,-0.00034402310848236084,0.005877082701772451,-0.060380879789590836,0.9830337166786194
243,-0.009048350155353546,-0.004874959588050842,5.0583720207214355,0.0047148800598633064,0.01383124340583386,-2.9087390151253656,-0.03519683703780174,0.006784096360206604,-0.0002527385950088501,0.01169914286583662,-0.06637990474700928,0.9834207892417908
244,-0.009809399954974651,-0.004733795765787363,5.058369159698486,0.004695313776527693,0.01532913871708308,-2.889062968940341,-0.038052476942539215,0.007058182265609503,-0.0001496821641921997,0.018948260694742203,-0.07246597111225128,0.9838164448738098
245,-0.010633339174091816,-0.004589818883687258,5.05836820602417,0.004564357797882376,0.01698879370398343,-2.8693805263553114,-0.041196953505277634,0.007198853883892298,-3.6135315895080566e-05,0.027846671640872955,-0.07844603061676025,0.9842280149459839
246,-0.011526353657245636,-0.0044465139508247375,5.058370113372803,0.00429033119728362,0.018818491495672607,-2.8496921974119744,-0.044650714844465256,0.007165244314819574,8.462369441986084e-05,0.03862154483795166,-0.08405834436416626,0.9846621155738831
247,-0.012494990602135658,-0.004308339208364487,5.058374404907227,0.003835678618004019,0.020823328775607663,-2.8299986343642534,-0.04843183234333992,0.0069087352603673935,0.00020703673362731934,0.051492877304553986,-0.08895962685346603,0.9851280450820923
248,-0.013546080328524113,-0.004180895630270243,5.058381080627441,0.003156508364114452,0.023003758273395736,-2.8103005901277087,-0.05255447328090668,0.006372168194502592,0.00032310187816619873,0.06665635108947754,-0.09271275997161865,0.9856435656547546
249,-0.014686619862914085,-0.004071111790835857,5.058389663696289,0.002202331041813326,0.025353834317811463,-2.790599024256417,-0.057026974856853485,0.005489193834364414,0.00042228400707244873,0.08426035195589066,-0.09477686882019043,0.986229419708252
250,-0.01592361181974411,-0.003987434785813093,5.058399677276611,0.0009161142480821702,0.027859144582586426,-2.770894925945862,-0.06184956431388855,0.0041838474571704865,0.0004930198192596436,0.10437648743391037,-0.09450186789035797,0.9869142174720764
251,-0.01726384460926056,-0.003940025810152292,5.058410167694092,-0.0007652037132622651,0.030494500974283856,-2.7511892089359895,-0.06701167672872543,0.002370457397773862,0.0005256384611129761,0.12696342170238495,-0.09113118052482605,0.9877373576164246
252,-0.01871362514793873,-0.003940945956856012,5.058420658111572,-0.0029095846389048507,0.03322148441219919,-2.7314824422129336,-0.07248898595571518,-4.601874388754368e-05,0.0005183219909667969,0.15182599425315857,-0.08381632715463638,0.9887529611587524
253,-0.020278429612517357,-0.004004328977316618,5.058430194854736,-0.005587976923040043,0.03598605187772885,-2.7117745925814716,-0.07824021577835083,-0.0031691580079495907,0.00048623979091644287,0.1785717010498047,-0.07164786756038666,0.9900242686271667
254,-0.02196250855922699,-0.0041465237736701965,5.0584397315979,-0.008871470002543543,0.03871649614026462,-2.692064492718696,-0.08420394361019135,-0.0071097323670983315,0.0004762113094329834,0.20656967163085938,-0.05370726436376572,0.9916338324546814
255,-0.02376841939985752,-0.0043862019665539265,5.0584516525268555,-0.012827423877095652,0.04132212301881166,-2.672349334913011,-0.09029550850391388,-0.011983903124928474,0.0005849897861480713,0.2349194586277008,-0.029142118990421295,0.9936700463294983
256,-0.02569650113582611,-0.004744424019008875,5.058471202850342,-0.017514605128620374,0.04369312161300276,-2.6526238586838504,-0.09640413522720337,-0.017911097034811974,0.000982329249382019,0.26243826746940613,0.0027367714792490005,0.9962310194969177
257,-0.02774430625140667,-0.005244656465947628,5.058509826660156,-0.022977496437416103,0.04570199545765097,-2.6328798719393487,-0.10239027440547943,-0.025011617690324783,0.0019329637289047241,0.2876768708229065,0.04234152287244797,0.9994030594825745
258,-0.02990596368908882,-0.005912734195590019,5.058586120605469,-0.029240183999441977,0.04720692949903271,-2.613105764798516,-0.10808290541172028,-0.033403895795345306,0.0038128942251205444,0.3089704215526581,0.08969119936227798,1.0032426118850708
259,-0.032171495258808136,-0.006776751484721899,5.058728218078613,-0.036300384349830815,0.048057067257224695,-2.5932868446719244,-0.11327661573886871,-0.043200865387916565,0.007110670208930969,0.32452771067619324,0.14431291818618774,1.0077532529830933
260,-0.03452606126666069,-0.00786683801561594,5.058976173400879,-0.0441243317751239,0.04809946725603664,-2.5734055126856727,-0.11772838979959488,-0.05450434237718582,0.012404084205627441,0.332552969455719,0.20518307387828827,1.0128616094589233
261,-0.03694915771484375,-0.00921475701034069,5.059382438659668,-0.05264338840909948,0.04718687681330391,-2.553443377239312,-0.12115488946437836,-0.06739594787359238,0.02030526101589203,0.3313855230808258,0.2707328498363495,1.0183857679367065
262,-0.03941379860043526,-0.010853221639990807,5.060009956359863,-0.06175288671622236,0.045185327923615626,-2.5333830829094786,-0.12323198467493057,-0.08192325383424759,0.03137551248073578,0.3196340501308441,0.33892783522605896,1.0240339040756226
263,-0.04188578575849533,-0.012814841233193874,5.060930252075195,-0.0713134750974519,0.04198031541628677,-2.513211531047234,-0.12359929829835892,-0.09808098524808884,0.04601830244064331,0.29627859592437744,0.4074145257472992,1.0293985605239868
264,-0.04432324320077896,-0.015130625106394291,5.062217712402344,-0.081154874644096,0.037480686709058464,-2.4929221773357324,-0.12187279015779495,-0.11578920483589172,0.06437255442142487,0.26072221994400024,0.4737100303173065,1.034001350402832
265,-0.04667657986283302,-0.0178280770778656,5.0639424324035645,-0.09108105158250658,0.031619673164826834,-2.4725182350546193,-0.11766687035560608,-0.13487260043621063,0.08622820675373077,0.21278133988380432,0.5353899598121643,1.0373307466506958
266,-0.04888908192515373,-0.02092900313436985,5.066162109375,-0.10087593863876557,0.024353550381014832,-2.452013572976655,-0.11062512546777725,-0.155046284198761,0.11098767817020416,0.15262052416801453,0.5902303457260132,1.0389238595962524
267,-0.050898194313049316,-0.024447258561849594,5.068915843963623,-0.11030810203989584,0.015658608361616366,-2.4314333174064067,-0.10045571625232697,-0.1759127378463745,0.13767950236797333,0.08064968138933182,0.636269748210907,1.0384328365325928
268,-0.05263755843043327,-0.02838662452995777,5.072215557098389,-0.11913077246759128,0.005526579539629317,-2.4108112901592547,-0.08696825802326202,-0.19696833193302155,0.16498087346553802,-0.0027297046035528183,0.671735942363739,1.0357593297958374
269,-0.05403967946767807,-0.032739099115133286,5.076041221618652,-0.12707665923105924,-0.006039582038262159,-2.3901859443349456,-0.07010605186223984,-0.21762369573116302,0.1912902146577835,-0.09731478989124298,0.6948590278625488,1.0311447381973267
270,-0.055038753896951675,-0.03748409077525139,5.080341339111328,-0.13385729600533602,-0.019022504875468194,-2.3695994079673492,-0.049953658133745193,-0.23724956810474396,0.21499501168727875,-0.202684685587883,0.7037407159805298,1.0250601768493652
271,-0.0555734857916832,-0.04258833825588226,5.085032939910889,-0.13915785343327347,-0.03338354508541652,-2.349094388121952,-0.026736682280898094,-0.25521236658096313,0.23458297550678253,-0.31821054220199585,0.6960970163345337,1.01828932762146
272,-0.05558967590332031,-0.048006512224674225,5.090007781982422,-0.14262608061384138,-0.049051297853678344,-2.3287099257302737,-0.0008095763623714447,-0.2709086239337921,0.24874325096607208,-0.443060964345932,0.6689057946205139,1.0120528936386108
273,-0.05504230037331581,-0.05368240922689438,5.095137119293213,-0.14385276351176668,-0.06590395900223789,-2.3084750830189993,0.027368830516934395,-0.2837947905063629,0.25647616386413574,-0.5761786103248596,0.617917537689209,1.0081942081451416
274,-0.053896836936473846,-0.059550557285547256,5.100281715393066,-0.1423411430908877,-0.08374306645984597,-2.2883982604259727,0.05727318674325943,-0.2934074401855469,0.25723427534103394,-0.716205894947052,0.5369738936424255,1.009461760520935
275,-0.05212836712598801,-0.06553809344768524,5.105311393737793,-0.13748025890355517,-0.1022446846697933,-2.268459836042669,0.0884234607219696,-0.2993766963481903,0.251487672328949,-0.8602921962738037,0.41744786500930786,1.0194611549377441
276,-0.04971620440483093,-0.0715656653046608,5.1101484298706055,-0.12854253920347594,-0.12087059347883122,-2.248611426080687,0.12060816586017609,-0.3013787269592285,0.2418513149023056,-1.0015300512313843,0.24801930785179138,1.0421364307403564
277,-0.04665694013237953,-0.07754605263471603,5.1147050857543945,-0.11510113057302679,-0.13897354258253758,-2.22887795003739,0.15296323597431183,-0.29901936650276184,0.22782234847545624,-1.123398780822754,0.03742048144340515,1.0737048387527466
278,-0.042988069355487823,-0.083391934633255,5.1187639236450195,-0.0977934137708672,-0.1560941758092842,-2.209545555703674,0.1834435760974884,-0.29229405522346497,0.20293153822422028,-1.1992563009262085,-0.16530129313468933,1.0937824249267578
279,-0.038734935224056244,-0.08901185542345047,5.122264385223389,-0.07767668556276437,-0.17162438623222354,-2.190960618210798,0.21265679597854614,-0.2809962034225464,0.17503102123737335,-1.2119083404541016,-0.3450685739517212,1.093278169631958
280,-0.03397008404135704,-0.09433679282665253,5.124941349029541,-0.05516605061769906,-0.1853838502659395,-2.1730941429149415,0.23824264109134674,-0.26624688506126404,0.13385958969593048,-1.1990671157836914,-0.512321412563324,1.0931205749511719
281,-0.028771093115210533,-0.09931256622076035,5.126540184020996,-0.03057029641533008,-0.19727660102878453,-2.155848046623142,0.25994956493377686,-0.24878880381584167,0.07993589341640472,-1.1682937145233154,-0.668147087097168,1.0961178541183472
282,-0.02321249432861805,-0.1038944274187088,5.1268510818481445,-0.004192415578675571,-0.20722321458451587,-2.139112555138807,0.2779299318790436,-0.22909320890903473,0.015554025769233704,-1.1213655471801758,-0.8119292259216309,1.1016523838043213
283,-0.01736581325531006,-0.10804488509893417,5.125704765319824,0.02367613702467563,-0.2151599984438164,-2.1227692363016706,0.29233402013778687,-0.2075229436159134,-0.05731305480003357,-1.060085415840149,-0.9434438347816467,1.1092082262039185
284,-0.011300086975097656,-0.11173197627067566,5.122965335845947,0.0527586487521611,-0.22103821733142892,-2.1066931832781366,0.3032863140106201,-0.18435440957546234,-0.13697680830955505,-0.9861887693405151,-1.062720775604248,1.118383526802063
285,-0.005082643590867519,-0.11492792516946793,5.118525505065918,0.08279433987855588,-0.2248231777541938,-2.0907549317858685,0.3108721673488617,-0.15979759395122528,-0.2219899594783783,-0.901282787322998,-1.1699151992797852,1.1288812160491943
286,0.001219973899424076,-0.11760818958282471,5.112303256988525,0.11353767582420177,-0.2264936072216508,-2.0748226955387747,0.31513088941574097,-0.1340131312608719,-0.31110283732414246,-0.8068099617958069,-1.2651907205581665,1.140491247177124
287,0.0075410157442092896,-0.11975070089101791,5.104238986968994,0.1447562486882328,-0.2260410300130915,-2.058763459621037,0.316052109003067,-0.1071254089474678,-0.40321898460388184,-0.7040379047393799,-1.3486309051513672,1.1530849933624268
288,0.013812478631734848,-0.12133534997701645,5.094291687011719,0.17622775716199118,-0.2234694068037295,-2.042444135236943,0.3135731518268585,-0.07923249155282974,-0.4973534941673279,-0.5940654277801514,-1.420163631439209,1.1666005849838257
289,0.01996399275958538,-0.12234361469745636,5.08243989944458,0.2077360352492103,-0.2187948766792307,-2.0257329352059177,0.3075757324695587,-0.05041336268186569,-0.5925937294960022,-0.4778409004211426,-1.4795010089874268,1.181033968925476
290,0.02592160739004612,-0.12275828421115875,5.068678855895996,0.2390664843455042,-0.21204575671111092,-2.008499837547131,0.29788070917129517,-0.02073352225124836,-0.6880623698234558,-0.35619309544563293,-1.526094675064087,1.1964385509490967
291,0.03160640969872475,-0.12256328016519547,5.053021430969238,0.2700010203483005,-0.2032627549900372,-1.9906172318206061,0.28424015641212463,0.009750084951519966,-0.782882034778595,-0.2298697978258133,-1.559099793434143,1.2129287719726562
292,0.03693293407559395,-0.12174360454082489,5.03549861907959,0.3003126623643133,-0.19249925230857046,-1.9719608692461947,0.26632624864578247,0.04098374769091606,-0.8761403560638428,-0.09958295524120331,-1.577346682548523,1.2306926250457764
293,0.04180726408958435,-0.12028540670871735,5.0161614418029785,0.3297595300909307,-0.17982191394501923,-1.9524096049946158,0.2437165230512619,0.07291007041931152,-0.9668547511100769,0.03393461927771568,-1.5793226957321167,1.2499967813491821
294,0.04612478241324425,-0.11817624419927597,4.995082855224609,0.358079016768495,-0.1653114300696088,-1.9318464035591296,0.21587584912776947,0.1054580956697464,-1.0539346933364868,0.1698666512966156,-1.5631669759750366,1.2712130546569824
295,0.04976749047636986,-0.11540567129850388,4.972360134124756,0.38498117772857243,-0.14906326201442122,-1.9101592201891893,0.18213534355163574,0.13852865993976593,-1.1361418962478638,0.3072483539581299,-1.5266563892364502,1.294833779335022
296,0.05260087549686432,-0.11196620017290115,4.948119163513184,0.41014313802810953,-0.1311885205092309,-1.8872417627274733,0.14166928827762604,0.17197346687316895,-1.2120457887649536,0.44487136602401733,-1.4672690629959106,1.3215025663375854
297,0.05447034910321236,-0.10785491019487381,4.922519683837891,0.43320463264784953,-0.11181474051370088,-1.8629945096913654,0.09347361326217651,0.2055644989013672,-1.2799776792526245,0.5811822414398193,-1.3822904825210571,1.3520268201828003
298,0.055197376757860184,-0.10307589173316956,4.8957600593566895,0.45376635637206125,-0.09108644067865157,-1.837327387296725,0.03635142371058464,0.23895108699798584,-1.3379853963851929,0.7141841650009155,-1.2689800262451172,1.3873931169509888
299,0.05457568168640137,-0.09764384478330612,4.868083953857422,0.47139149692143295,-0.06916510480577331,-1.8101614917368116,-0.031084757298231125,0.27160242199897766,-1.3837941884994507,0.8413492441177368,-1.124826431274414,1.4287444353103638
300,0.052368082106113434,-0.09158915281295776,4.839788436889648,0.48561320847288886,-0.046228312782084835,-1.7814333661470185,-0.11037991940975189,0.3027347922325134,-1.414784550666809,0.9595615267753601,-0.947921633720398,1.4773242473602295