step,position_x,position_y,position_z,rotation_x,rotation_y,rotation_z,linear_velocity_x,linear_velocity_y,linear_velocity_z,angular_velocity_x,angular_velocity_y,angular_velocity_z
0,0.0,0.0,5.062609469486573,0.0,0.0,0.0,0.0,0.0,0.0,0.0,0.0,0.0
1,0.0,0.0,5.062605857849121,-1.144408900977112e-09,2.326965287124949e-08,2.6631609218726665e-18,4.6793216003371274e-12,2.301305305173196e-13,-0.00020109117031097412,-9.98685134590005e-10,2.0306604398001582e-08,1.3943575136292024e-17
2,9.12232650529532e-11,4.486387823743332e-12,5.06259822845459,-1.1436505034609911e-09,1.3284684485803666e-07,1.6000691175159887e-05,4.612673354387198e-09,2.246898223035032e-10,-0.00038771331310272217,-2.4529619654933832e-11,5.478859293361893e-06,0.0008000345551408827
3,7.032885385171994e-10,1.3464924487893715e-11,5.062587261199951,3.953831745322874e-10,4.801274702259661e-07,6.303064581257797e-05,3.087057010020544e-08,4.4677780919322174e-10,-0.0005566775798797607,7.623098952080909e-08,1.736402919050306e-05,0.0023514979984611273
4,3.1979430215045568e-09,2.1011829429151696e-11,5.062572956085205,2.39038261098171e-09,1.2789250114497719e-06,0.0001551921447200644,1.256353385770126e-07,3.5630076666848254e-10,-0.000705718994140625,9.569705383682958e-08,3.993988866568543e-05,0.004608075600117445
5,1.0707836395340564e-08,1.9963284497714895e-11,5.062556266784668,-1.8320334761086667e-09,2.7663236850106188e-06,0.00030570482829669345,3.777999211251881e-07,-1.6569107197383914e-10,-0.0008333325968123972,-2.263423510839857e-07,7.43699274607934e-05,0.007525634951889515
6,2.9066949736034076e-08,2.941661150779318e-11,5.062537670135498,-2.060526194957915e-08,5.179124827225934e-06,0.0005269473645373005,9.228176054421056e-07,8.29449096212409e-12,-0.0009387136669829488,-9.826084124142653e-07,0.00012063995382050052,0.011062129400670528
7,6.774031646727963e-08,1.3039533341974163e-10,5.062517166137695,-7.103260237138694e-08,8.736210478588191e-06,0.0008304976523518306,1.9425970094744116e-06,3.5155935940167637e-09,-0.0010215790243819356,-2.6269674435752677e-06,0.00017785363888833672,0.015177514404058456
8,1.4068375264741917e-07,5.384817591824742e-10,5.062495708465576,-1.723590756924488e-07,1.3627154719086931e-05,0.0012271705693152916,3.661941718746675e-06,1.6115127010607466e-08,-0.0010821375763043761,-5.288098691380583e-06,0.00024454487720504403,0.019833654165267944
9,2.6708869427238824e-07,1.6883781039922496e-09,5.062473297119141,-3.473670036093784e-07,2.0004087095903955e-05,0.0017270553745278583,6.342762389976997e-06,4.6968708034000883e-08,-0.001120910281315446,-9.170691555482335e-06,0.00031884017516858876,0.024994246661663055
10,4.7198005859172554e-07,4.3367718305376e-09,5.062450408935547,-6.241767026855463e-07,2.7978602828104826e-05,0.0023395503797736944,1.0276714419887867e-05,1.091625065896551e-07,-0.0011387618724256754,-1.457521921111038e-05,0.0003987111267633736,0.030624765902757645
11,7.86654481998994e-07,9.691307312209574e-09,5.062427520751953,-1.0342723549764006e-06,3.7619133183675046e-05,0.00307339673745332,1.5777239241288044e-05,2.2054533133086807e-07,-0.001136734732426703,-2.17082542803837e-05,0.0004819961031898856,0.036692339926958084
12,1.2489487062339322e-06,1.9558465069735576e-08,5.062405109405518,-1.6086606326126927e-06,4.8952166397331354e-05,0.003936711289948896,2.3171116481535137e-05,4.0415397961623967e-07,-0.001116185332648456,-3.058787478948943e-05,0.0005665948847308755,0.04316573590040207
13,1.9033418539038394e-06,3.649551416629038e-08,5.062383651733398,-2.3782727273460774e-06,6.19642323851366e-05,0.004937016360372163,3.279027441749349e-05,6.87870283400116e-07,-0.001078425208106637,-4.125435225432739e-05,0.0006505034980364144,0.05001526325941086
14,2.800899892463349e-06,6.396808061026604e-08,5.062363147735596,-3.368691505489899e-06,7.660461484881864e-05,0.00608127164333922,4.496394831221551e-05,1.104142484109616e-06,-0.0010249133920297027,-5.348489139578305e-05,0.0007318549905903637,0.05721278116106987
15,3.9990718505578116e-06,1.0649232251580543e-07,5.062344074249268,-4.6059775690816005e-06,9.27900201632692e-05,0.0073759008007416305,6.001149085932411e-05,1.6886874618649017e-06,-0.0009572450071573257,-6.734687485732138e-05,0.0008090118644759059,0.06473147869110107
16,5.561357738770312e-06,1.6978401617961936e-07,5.062326431274414,-6.109956290438781e-06,0.00011040721902122463,0.008826819824158068,7.823604391887784e-05,2.4803287033137167e-06,-0.0008769548148848116,-8.256951696239412e-05,0.0008804709650576115,0.07254597544670105
17,7.556855052825995e-06,2.608872762266401e-07,5.062310695648193,-7.892103473405491e-06,0.00012931871096255598,0.010439464498165867,9.991855040425435e-05,3.5195369036955526e-06,-0.0007855314761400223,-9.877212869469076e-05,0.0009450101060792804,0.08063224703073502
18,1.0059708984044846e-05,3.88273520002258e-07,5.0622968673706055,-9.95955896676599e-06,0.00014936618131344837,0.01221880944177921,0.00012531342508736998,4.846598130825441e-06,-0.0006846002070233226,-0.00011576963879633695,0.0010015787556767464,0.0889672264456749
19,1.3148479411029257e-05,5.619252192445856e-07,5.062285423278809,-1.2314206570699198e-05,0.00017037510369410924,0.014169398793277745,0.00015464413445442915,6.500574727397179e-06,-0.0005755756283178926,-0.00013332447269931436,0.0010493596782907844,0.09752945601940155
20,1.6905443771975115e-05,7.933997494546929e-07,5.062276363372803,-1.4946781933990626e-05,0.00019215978746855988,0.016295366156345914,0.00018810026813298464,8.51814456837019e-06,-0.00045996258268132806,-0.00015089710359461606,0.0010877861641347408,0.10629834234714508
21,2.1415851733763702e-05,1.0958480061162845e-06,5.062269687652588,-1.7844739987394918e-05,0.00021452579719505316,0.01860045565972413,0.00022583542158827186,1.093131231755251e-05,-0.0003391763602849096,-0.0001683339214650914,0.001116410014219582,0.11525444686412811
22,2.676714393601287e-05,1.4840182984698913e-06,5.062265396118164,-2.0989026168040372e-05,0.0002372744583956088,0.02108804454848587,0.0002679652825463563,1.3766702977591194e-05,-0.00021443833247758448,-0.00018531161185819656,0.0011350176064297557,0.12437944114208221
23,3.30481598211918e-05,1.974230144696776e-06,5.062263488769531,-2.4353909504749968e-05,0.0002602056115770246,0.02376115995618127,0.0003145672963000834,1.7044296328094788e-05,-8.71342490427196e-05,-0.00020148968906141818,0.0011435283813625574,0.13365575671195984
24,4.034833182231523e-05,2.5843173716566525e-06,5.062264442443848,-2.7910979779202403e-05,0.0002831209941214219,0.02662250178762054,0.00036567970528267324,2.077610588457901e-05,4.167836959823035e-05,-0.0002167196071241051,0.0011420308146625757,0.1430671513080597
25,4.87568904645741e-05,3.3335531952616293e-06,5.062267780303955,-3.162167977749177e-05,0.00030582649560173536,0.029674459804473086,0.0004213022766634822,2.496576234989334e-05,0.00017085227591451257,-0.00023047075956128538,0.001130730495788157,0.15259788930416107
26,5.8362085837870836e-05,4.242528575559845e-06,5.062273979187012,-3.5448107733096224e-05,0.0003281340865115556,0.03291912054756721,0.0004813973791897297,2.96066609735135e-05,0.0002993147645611316,-0.00024274594034068286,0.00110993767157197,0.16223308444023132
27,6.925043271621689e-05,5.3330231821746565e-06,5.062282562255859,-3.9348955948341776e-05,0.00034986419756122267,0.03635829910686042,0.000545890536159277,3.4682198020163924e-05,0.00042615699931047857,-0.0002533361257519573,0.0010800737654790282,0.1719588339328766
28,8.150599023792893e-05,6.6278544181841426e-06,5.062293529510498,-4.3279180514320895e-05,0.00037084720335678334,0.03999353764136382,0.0006146726664155722,4.016536695417017e-05,0.0005505000590346754,-0.0002620100858621299,0.0010416406439617276,0.18176205456256866
29,9.520969615550712e-05,8.150701432896312e-06,5.062306880950928,-4.719731435473234e-05,0.0003909246300717317,0.04382614823202932,0.0006876007537357509,4.601811815518886e-05,0.0006716428906656802,-0.000268895790213719,0.0009952025720849633,0.1916304975748062
30,0.00011043871199944988,9.925930498866364e-06,5.062322616577148,-5.105633083612408e-05,0.00040994944827654756,0.04785718833705913,0.0007645018049515784,5.219257582211867e-05,0.0007888260297477245,-0.0002736594178713858,0.0009413373772986233,0.20155198872089386
31,0.00012726585555355996,1.1978389920841437e-05,5.06234073638916,-5.481350080263935e-05,0.000427788429412157,0.052087500169161874,0.0008451736648567021,5.8629993873182684e-05,0.0009013933595269918,-0.00027645553927868605,0.000880751118529588,0.2115156650543213
32,0.00014575908426195383,1.4333208127936814e-05,5.062360763549805,-5.842620325536626e-05,0.0004443212266214136,0.056517725055766604,0.0009293878683820367,6.526205106638372e-05,0.001008853199891746,-0.0002772262378130108,0.0008140958962030709,0.22151118516921997
33,0.00016598099318798631,1.7015581761370413e-05,5.06238317489624,-6.185834478817014e-05,0.00045944118615981466,0.06114830263899413,0.001016891677863896,7.201112020993605e-05,0.0011107875034213066,-0.00027623053756542504,0.0007420733454637229,0.2315288782119751
34,0.0001879884221125394,2.00505783141125e-05,5.062407493591309,-6.507492549639024e-05,0.00047305524176954883,0.06597948653667403,0.0011074114590883255,7.879191252868623e-05,0.0012067337520420551,-0.00027345496346242726,0.0006653707241639495,0.24155938625335693
35,0.00021183206990826875,2.346293331356719e-05,5.062433242797852,-6.80429914309058e-05,0.00048508434314920024,0.07101136267866855,0.001200654893182218,8.551211067242548e-05,0.0012963485205546021,-0.0002689339453354478,0.0005847072461619973,0.2515936493873596
36,0.0002375562471570447,2.727683931880165e-05,5.062460899353027,-7.073617287093969e-05,0.0004954629671596322,0.0762438327306401,0.0012963140616193414,9.2073212726973e-05,0.0013792742975056171,-0.0002629259543027729,0.0005007746513001621,0.26162341237068176
37,0.00026519858511164784,3.151576311211102e-05,5.062489986419678,-7.313256692410219e-05,0.0005041391596440903,0.08167666089940763,0.001394067076034844,9.837198740569875e-05,0.0014553318032994866,-0.000255586055573076,0.0004142701218370348,0.27164119482040405
38,0.0002947898465208709,3.6202254705131054e-05,5.062520503997803,-7.521343492556103e-05,0.000511074045495441,0.087309471244546,0.0014935802901163697,0.00010430164547869936,0.0015244445530697703,-0.00024700618814677,0.0003258498036302626,0.28164002299308777
39,0.00032635379466228187,4.1357779991813004e-05,5.062552452087402,-7.696462946448449e-05,0.0005162405906975476,0.0931417215373731,0.0015945129562169313,0.00010975329496432096,0.001586404861882329,-0.00023734844580758363,0.00023613816301804036,0.2916127145290375
40,0.0003599071642383933,4.700254794443026e-05,5.062585353851318,-7.837665237078526e-05,0.0005196244422109864,0.09917278093738248,0.001696516410447657,0.00011461661051725969,0.0016411506803706288,-0.000226785137783736,0.0001457681501051411,0.30155330896377563
41,0.00039545955951325595,5.3155363275436684e-05,5.062619209289551,-7.944765016089164e-05,0.0005212220545163238,0.10540189563203932,0.0017992405919358134,0.00011878163786605,0.0016886834055185318,-0.0002156384871341288,5.530357884708792e-05,0.3114556074142456
42,0.0004330134834162891,5.9833484556293115e-05,5.062653541564941,-8.018015640075387e-05,0.0005210406090796482,0.11182819023244774,0.0019023295026272535,0.00012213985610287637,0.0017290891846641898,-0.0002040718827629462,-3.471738818916492e-05,0.32131463289260864
43,0.0004725644248537719,6.705252599203959e-05,5.062688827514648,-8.057735564135732e-05,0.0005190976231244093,0.11845067962543085,0.002005430869758129,0.00012458630953915417,0.0017622346058487892,-0.0001920673530548811,-0.00012376783706713468,0.3311242461204529
44,0.000514100946020335,7.482631917810068e-05,5.062724590301514,-8.064953017493078e-05,0.0005154195498173753,0.125268274169606,0.0021081934683024883,0.0001260193675989285,0.0017882825341075659,-0.00017993160872720182,-0.0002113841037498787,0.340879887342453
45,0.0005576047697104514,8.316685125464574e-05,5.062760829925537,-8.041145754959715e-05,0.0005100420745847156,0.13227981493840504,0.002210270380601287,0.00012634272570721805,0.0018072632374241948,-0.0001678482658462599,-0.0002971068606711924,0.3505769371986389
46,0.0006030509830452502,9.208417031913996e-05,5.0627970695495605,-7.988232338658603e-05,0.000503008750492917,0.13948404690682,0.0023113181814551353,0.00012546588550321758,0.0018194725271314383,-0.00015600016922689974,-0.0003805358719546348,0.36021170020103455
47,0.0006504083285108209,0.00010158634540857747,5.062833309173584,-7.908562775816055e-05,0.0004943698220878368,0.14687964003615891,0.002411002991721034,0.00012330632307566702,0.0018249850254505873,-0.0001445705711375922,-0.0004613381752278656,0.36977967619895935
48,0.0006996392621658742,0.00011167941556777805,5.062869548797607,-7.804809054533595e-05,0.0004841825450714321,0.154465191014587,0.0025089983828365803,0.00011978959810221568,0.001823978964239359,-0.00013369455700740218,-0.0005391596350818872,0.3792773485183716
49,0.000750700302887708,0.0001223673898493871,5.062905788421631,-7.679768032643607e-05,0.00047251012521720703,0.1622392190792254,0.0026049891021102667,0.00011485071445349604,0.001816603820770979,-0.00012341313413344324,-0.0006137139862403274,0.3887012004852295
50,0.000803542323410511,0.00013365221093408763,5.062942028045654,-7.536080146062155e-05,0.00045942045050062497,0.170200187995364,0.0026986694429069757,0.0001084340619854629,0.0018032160587608814,-0.00011363309022272006,-0.0006847642944194376,0.3980485200881958
51,0.0008581108413636684,0.0001455337624065578,5.0629777908325195,-7.377095068209398e-05,0.000444986557013749,0.1783465012266965,0.0027897462714463472,0.0001004937948891893,0.0017839053180068731,-0.00010469773405930027,-0.0007520630024373531,0.4073165953159332
52,0.0009143461938947439,0.0001580098905833438,5.063013076782227,-7.206022993635182e-05,0.00042928501030181643,0.18667655676178307,0.0028779390268027782,9.099434100789949e-05,0.0017589686904102564,-9.653264714870602e-05,-0.0008154421811923385,0.41650262475013733
53,0.0009721840615384281,0.0001710764190647751,5.063047409057617,-7.026077233308375e-05,0.0004123956315573718,0.19518862246278487,0.0029629820492118597,7.991166057763621e-05,0.00172864506021142,-8.913864439819008e-05,-0.000874748919159174,0.425603985786438
54,0.001031555701047182,0.0001847271778387949,5.06308126449585,-6.840887625732722e-05,0.00039440106644805795,0.20388098679225744,0.003044625511392951,6.723205297021195e-05,0.0016932029975578189,-8.273030834970996e-05,-0.0009298556251451373,0.4346182644367218
55,0.0010923882946372032,0.0001989540469367057,5.063114166259766,-6.654353327018175e-05,0.00037538587615437713,0.2127518545224854,0.0031226312275975943,5.2953379054088145e-05,0.0016529099084436893,-7.745071343379095e-05,-0.0009806834859773517,0.4435439705848694
56,0.0011546051828190684,0.00021374704374466091,5.063146114349365,-6.469991726785306e-05,0.0003554367288434168,0.22179942448970882,0.0031967819668352604,3.708597068907693e-05,0.001607961137779057,-7.312434172490612e-05,-0.0010271364590153098,0.4523785412311554
57,0.0012181265046820045,0.00022909438121132553,5.063177108764648,-6.29107563695854e-05,0.00033464113089221037,0.2310218402593724,0.0032668719068169594,1.9650829926831648e-05,0.0015587874222546816,-6.964737258385867e-05,-0.0010691944044083357,0.4611210823059082
58,0.0012828692561015487,0.0002449825406074524,5.063207149505615,-6.120784711607164e-05,0.0003130868960792288,0.24041723508267068,0.0033327157143503428,6.804160079809662e-07,0.0015055097173899412,-6.699615914840251e-05,-0.0011068572057411075,0.46976983547210693
59,0.0013487476389855146,0.0002613963442854583,5.063236236572266,-5.962806421462638e-05,0.0002908627045348222,0.24998371363739727,0.0033941420260816813,-1.9782837625825778e-05,0.001448485185392201,-6.545346695929766e-05,-0.0011401015799492598,0.47832369804382324
60,0.001415673759765923,0.0002783190575428307,5.063263893127441,-5.820084598186967e-05,0.00026805626265402616,0.25971933270980835,0.0034509990364313126,-4.1684503230499104e-05,0.0013879077741876245,-6.46756452624686e-05,-0.0011689914390444756,0.4867812693119049
61,0.001483557396568358,0.0002957324613817036,5.063290596008301,-5.6955240253971346e-05,0.00024475553420488794,0.2696221564402251,0.003503151936456561,-6.496076821349561e-05,0.0013240769039839506,-6.467691127909347e-05,-0.0011935352813452482,0.4951413571834564
62,0.0015523069305345416,0.0003136169398203492,5.0633158683776855,-5.591744670251789e-05,0.0002210471104413525,0.27969024464024844,0.0035504819825291634,-8.953805081546307e-05,0.0012572904815897346,-6.535408465424553e-05,-0.0012138208840042353,0.5034034252166748
63,0.0016218293458223343,0.0003319515963084996,5.063339710235596,-5.511322408632743e-05,0.00019701620090395444,0.2899215782745293,0.003592888591811061,-0.00011533396173035726,0.0011877728393301368,-6.672261224593967e-05,-0.001229934860020876,0.5115668177604675
64,0.001692030462436378,0.0003507143701426685,5.063362121582031,-5.4564871730081174e-05,0.00017274583867021853,0.3003141868373884,0.0036302893422544003,-0.0001422571367584169,0.0011157927801832557,-6.865263276267797e-05,-0.001242003869265318,0.5196307301521301
65,0.0017628156347200274,0.0003698820364661515,5.063383102416992,-5.429246277207001e-05,0.00014831812210314155,0.3108660655288479,0.0036626162473112345,-0.0001702091976767406,0.0010416337754577398,-7.107567944331095e-05,-0.0012500904267653823,0.5275952816009521
66,0.0018340895185247064,0.000389430409995839,5.06340217590332,-5.4314053873472796e-05,0.00012381219951262956,0.3215752452548013,0.0036898187827318907,-0.0001990839809877798,0.0009655197500251234,-7.393697160296142e-05,-0.0012543610064312816,0.5354592204093933
67,0.0019057567697018385,0.00040933440322987735,5.063419818878174,-5.464532305542748e-05,9.930547324654704e-05,0.33243967575813543,0.003711867844685912,-0.00022876879666000605,0.0008876012871041894,-7.716430263826624e-05,-0.0012549194507300854,0.5432223677635193
68,0.001977722393348813,0.00042956811375916004,5.063436031341553,-5.5297820470787606e-05,7.487265215244676e-05,0.343457399142876,0.0037287422455847263,-0.00025914577418006957,0.0008082505082711577,-8.06006501079537e-05,-0.0012519118608906865,0.5508850812911987
69,0.002049891510978341,0.0004501049406826496,5.063450813293457,-5.6282144192943644e-05,5.058508579813825e-05,0.3546263367218824,0.0037404450122267008,-0.00029009138233959675,0.0007275583338923752,-8.424610859947279e-05,-0.0012455219402909279,0.5584466457366943
70,0.002122169826179743,0.0004709177010226995,5.0634636878967285,-5.760559905692567e-05,2.6511618373747936e-05,0.36594453323069354,0.0037469863891601562,-0.00032147872843779624,0.0006458822754211724,-8.798670023679733e-05,-0.0012358857784420252,0.5659074783325195
71,0.0021944644395262003,0.0004919786588288844,5.063475131988525,-5.9271825771590574e-05,2.71760338743654e-06,0.3774098662148872,0.0037483987398445606,-0.0003531764668878168,0.000563282985240221,-9.168840915663168e-05,-0.0012231887085363269,0.5732672810554504
72,0.0022666833829134703,0.0005132596706971526,5.0634846687316895,-6.128119760599794e-05,-2.073489695209041e-05,0.3890203550720911,0.003744725603610277,-0.0003850512148346752,0.0004800141614396125,-9.523763583274558e-05,-0.0012076039565727115,0.5805261135101318
73,0.0023387358523905277,0.0005347322439774871,5.063492774963379,-6.363195739282912e-05,-4.378678069349995e-05,0.40077402725791245,0.0037360237911343575,-0.00041696842527017,0.00039629993261769414,-9.85773658612743e-05,-0.0011892856564372778,0.5876845717430115
74,0.002410532906651497,0.0005563676240853965,5.0634989738464355,-6.632513810444467e-05,-6.63825764275483e-05,0.4126688620230613,0.003722366178408265,-0.00044879200868308544,0.0003122750495094806,-0.00010189622116740793,-0.0011684221681207418,0.5947425365447998
75,0.002481987001374364,0.0005781368818134069,5.063503742218018,-6.935079149582403e-05,-8.846995597200369e-05,0.4247029059444232,0.0037038340233266354,-0.00048038523527793586,0.00022817813442088664,-0.00010469340486451983,-0.0011451735626906157,0.6017012000083923
76,0.0025530129205435514,0.0006000109715387225,5.063506603240967,-7.269745301399356e-05,-0.00011000040913899944,0.4368741105578294,0.003680524881929159,-0.0005116122774779797,0.00014409920549951494,-0.00010694066440919414,-0.0011197321582585573,0.60856032371521
77,0.0026235273107886314,0.0006219609058462083,5.063508033752441,-7.635478966654092e-05,-0.0001309292770534931,0.44918051007575616,0.0036525470204651356,-0.0005423387628979981,6.023240712238476e-05,-0.00010873989958781749,-0.0010922872461378574,0.6153203845024109
78,0.0026934489142149687,0.0006439576391130686,5.063507556915283,-8.031268386208397e-05,-0.00015121525574790518,0.46162017098521324,0.0036200182512402534,-0.0005724327056668699,-2.3243148461915553e-05,-0.00011014744086423889,-0.001063007628545165,0.6219822764396667
79,0.002762699266895652,0.0006659722421318293,5.06350564956665,-8.455456346275111e-05,-0.00017082120261058265,0.4741910972521256,0.0035830652341246605,-0.0006017639534547925,-0.00010617806401569396,-0.00011088346946053207,-0.001032097265124321,0.6285462975502014
80,0.0028312020003795624,0.0006879759603179991,5.063501834869385,-8.906401764014072e-05,-0.0001897127520824604,0.4868913365809095,0.0035418292973190546,-0.0006302056717686355,-0.00018857212853617966,-0.0001109978838940151,-0.000999690149910748,0.6350127458572388
81,0.0028988837730139494,0.0007099402137100697,5.0634965896606445,-9.382087680601583e-05,-0.00020785963945635366,0.49971898576751833,0.003496454330161214,-0.0006576349842362106,-0.00027017176034860313,-0.00011034162162104622,-0.0009659819188527763,0.6413832902908325
82,0.0029656735714524984,0.0007318368298001587,5.0634894371032715,-9.880340506716716e-05,-0.000225235546688074,0.5126721509381789,0.0034470949321985245,-0.0006839334964752197,-0.00035084245610050857,-0.00010887389362324029,-0.0009311600588262081,0.6476574540138245
83,0.0030315034091472626,0.000753637810703367,5.063480854034424,-0.00010399009930788689,-0.00024181717779692136,0.5257488465666403,0.0033939157146960497,-0.0007089879363775253,-0.0004306141345296055,-0.00010664336878107861,-0.0008953663054853678,0.6538358330726624
84,0.0030963080935180187,0.0007753155659884214,5.063470840454102,-0.00010936042518220066,-0.00025758446679402525,0.5389472411069117,0.0033370829187333584,-0.0007326907361857593,-0.0005092481733299792,-0.00010372960241511464,-0.0008587495540268719,0.6599199771881104
85,0.0031600254587829113,0.0007968429126776755,5.0634589195251465,-0.00011488931940776916,-0.0002725215437273665,0.5522654421774579,0.003276771865785122,-0.000754939450416714,-0.0005866997526027262,-9.993876301450655e-05,-0.0008215071284212172,0.6659106016159058
86,0.0032225963659584522,0.0008181931334547698,5.063445568084717,-0.00012055152694539199,-0.0002866148830458215,0.5657016197185916,0.00321316160261631,-0.0007756382110528648,-0.0006628944538533688,-9.528926602797583e-05,-0.0007837407174520195,0.6718081831932068
87,0.003283964702859521,0.0008393399766646326,5.0634307861328125,-0.0001263211187855574,-0.00029985451973324473,0.5792539426599612,0.003146436298266053,-0.0007946979021653533,-0.0007377425790764391,-8.97747595445253e-05,-0.0007456136518158019,0.6776142716407776
88,0.0033440773840993643,0.000860257598105818,5.063414573669434,-0.00013217444502239815,-0.00031223419133263874,0.5929205316229631,0.003076783148571849,-0.0008120359852910042,-0.0008111698552966118,-8.353222801815718e-05,-0.0007072916487231851,0.6833294630050659
89,0.003402884816750884,0.0008809208520688117,5.06339693069458,-0.00013808383115233755,-0.0003237503832638211,0.6066996213012193,0.003004392609000206,-0.0008275770233012736,-0.0008831016020849347,-7.638221723027527e-05,-0.0006688975263386965,0.68895423412323
90,0.003460339969024062,0.0009013050002977252,5.063377857208252,-0.0001440225945104406,-0.00033440293556452616,0.62058939038461,0.002929459325969219,-0.0008412532042711973,-0.0009535535355098546,-6.83934340486303e-05,-0.0006305788410827518,0.694489061832428
91,0.003516399534419179,0.0009213859448209405,5.063357353210449,-0.0001499659453488137,-0.00034419401601271105,0.6345881286234222,0.0028521765489131212,-0.0008530038758181036,-0.0010223163990303874,-5.967563629383221e-05,-0.0005924335564486682,0.6999362707138062
92,0.0035710230004042387,0.0009411402279511094,5.063335418701172,-0.00015588427039421967,-0.00035312780892726714,0.6486940376278453,0.0027727391570806503,-0.0008627761271782219,-0.0010894499719142914,-5.000274541089311e-05,-0.0005545407766476274,0.7052958607673645
93,0.0036241731140762568,0.000960544915869832,5.063312530517578,-0.00016175182774702274,-0.000361211917687676,0.6629054228901293,0.0026913443580269814,-0.0008705251384526491,-0.0011549250921234488,-3.957939043175429e-05,-0.0005170506192371249,0.7105687856674194
94,0.0036758161149919033,0.0009795776568353176,5.06328821182251,-0.00016754214173829841,-0.000368456050955146,0.6772205666402532,0.0026081872638314962,-0.0008762137149460614,-0.0012186820385977626,-2.8378493880154565e-05,-0.0004800482711289078,0.7157559990882874
95,0.0037259208038449287,0.0009982169140130281,5.063262462615967,-0.00017323101750322642,-0.0003748726675847358,0.6916377249101584,0.0025234625209122896,-0.0008798128692433238,-0.0012806759914383292,-1.652198625379242e-05,-0.0004436509916558862,0.7208585739135742
96,0.0037744594737887383,0.001016441616229713,5.063235759735107,-0.0001787924803596294,-0.0003804765105861474,0.7061553100451475,0.002437364775687456,-0.0008813011227175593,-0.0013409230159595609,-3.922215910279192e-06,-0.0004079497593920678,0.7258772253990173
97,0.0038214074447751045,0.0010342315072193742,5.063207626342773,-0.00018420475140839564,-0.00038528400816595365,0.7207715652719703,0.002350084949284792,-0.0008806648547761142,-0.001399303786456585,9.20517231861595e-06,-0.0003730123280547559,0.7308138608932495
98,0.003866742830723524,0.0010515667963773012,5.063178539276123,-0.00018944265297983614,-0.0003893134876640225,0.7354849797889252,0.0022618104703724384,-0.0008778973715379834,-0.0014558325055986643,2.3033917386783287e-05,-0.0003389101184438914,0.7356691360473633
99,0.003910447005182505,0.0010684283915907145,5.063148498535156,-0.0001944842670207223,-0.0003925858738504928,0.7502938077403251,0.0021727285347878933,-0.0008730000699870288,-0.0015105258207768202,3.739955718629062e-05,-0.0003057544236071408,0.7404431700706482
100,0.003952504601329565,0.001084798015654087,5.063117027282715,-0.00019930861163468236,-0.00039512237016392504,0.7651966159313368,0.0020830207504332066,-0.0008659819723106921,-0.0015633825678378344,5.226315261097625e-05,-0.00027353817131370306,0.7451380491256714
101,0.003992902580648661,0.0011006578570231795,5.063084602355957,-0.00020389524289441492,-0.00039694578674143166,0.7801916810143495,0.0019928663969039917,-0.0008568583289161325,-0.001614389824680984,6.760108226444572e-05,-0.0002423201804049313,0.7497540712356567
102,0.004031631164252758,0.0011159909190610051,5.063051223754883,-0.00020822494409049113,-0.0003980809560191201,0.7952775028721991,0.0019024380017071962,-0.0008456516661681235,-0.0016634715721011162,8.336034807143733e-05,-0.0002121871366398409,0.7542933821678162
103,0.00406868290156126,0.0011307806707918644,5.063016891479492,-0.0002122809115815205,-0.00039855321012494116,0.8104526218284388,0.0018119052983820438,-0.0008323921356350183,-0.0017106879968196154,9.943089389707893e-05,-0.00018314273620489985,0.7587559819221497
104,0.0041040536016225815,0.0011450113961473107,5.062981605529785,-0.0002160479903946532,-0.00039838957500681893,0.8257155087163406,0.0017214337131008506,-0.0008171148947440088,-0.001756100682541728,0.00011574084783205763,-0.00015525611524935812,0.7631424069404602
105,0.00413774186745286,0.0011586680775508285,5.06294584274292,-0.00021950863516290045,-0.00039761749193134577,0.8410646260910606,0.0016311807557940483,-0.0007998615619726479,-0.0017995890229940414,0.00013242043496575207,-0.00012853325461037457,0.7674552798271179
106,0.004169748164713383,0.0011717361630871892,5.062909126281738,-0.00022265121734938714,-0.0003962657651028767,0.8564985421159815,0.0015412989305332303,-0.0007806798093952239,-0.001841212622821331,0.00014919217210263014,-0.0001030208368320018,0.7716944217681885
107,0.0042000762186944485,0.0011842017993330956,5.06287145614624,-0.00022546340531926978,-0.00039436395819469894,0.8720156577478733,0.001451936666853726,-0.0007596222567372024,-0.0018810469191521406,0.0001661011338001117,-7.874917355366051e-05,0.775860607624054
108,0.004228731617331505,0.001196051947772503,5.062833309173584,-0.00022793368453715516,-0.00039194117338769985,0.8876147672953739,0.0013632343616336584,-0.0007367474609054625,-0.001919108210131526,0.00018312943575438112,-5.567885091295466e-05,0.7799551486968994
109,0.004255722742527723,0.001207274035550654,5.062794208526611,-0.0002300535084949185,-0.00038902792845907364,0.9032943640983923,0.0012753256596624851,-0.0007121179369278252,-0.001955275423824787,0.0002001426473725587,-3.3868083846755326e-05,0.7839799523353577
110,0.004281060304492712,0.0012178560718894005,5.0627546310424805,-0.0002318148399693362,-0.00038565444698979157,0.9190530417234005,0.001188338384963572,-0.0006858011474832892,-0.0019896691665053368,0.0002171347732655704,-1.3290089555084705e-05,0.7879350185394287
111,0.004304756876081228,0.0012277868809178472,5.062714099884033,-0.0002332112547193571,-0.0003818509484325716,0.93488947089197,0.0011023938423022628,-0.0006578682805411518,-0.0020223343744874,0.00023404363309964538,6.060960004106164e-06,0.7918215394020081
112,0.004326827824115753,0.0012370557524263859,5.062673091888428,-0.0002342355709233144,-0.00037764789496885776,0.9508022441898591,0.0010176055366173387,-0.0006283943657763302,-0.002053256146609783,0.0002509292389731854,2.4189257601392455e-05,0.7956406474113464
113,0.00434728991240263,0.0012456527911126614,5.062631607055664,-0.00023488606639880623,-0.0003730756346622677,0.9667901431992824,0.0009340805117972195,-0.0005974581581540406,-0.0020824496168643236,0.0002675388823263347,4.1103281546384096e-05,0.7993937134742737
114,0.004366162233054638,0.0012535684509202838,5.062589645385742,-0.00023516208775308125,-0.0003681644574258236,0.9828517684339063,0.0008519186521880329,-0.000565140915568918,-0.0021099296864122152,0.00028383711469359696,5.681009861291386e-05,0.8030812740325928
115,0.004383465275168419,0.0012607938842847943,5.062546730041504,-0.0002350615570945625,-0.0003629444905779433,0.9989858445493833,0.0007712130900472403,-0.0005315264570526779,-0.002135741524398327,0.0002999204152729362,7.132688187994063e-05,0.8067042827606201
116,0.004399222321808338,0.001267320942133665,5.062503337860107,-0.00023458299858379248,-0.0003574452599071076,1.0151911339997226,0.0006920491578057408,-0.0004967005806975067,-0.0021599000319838524,0.0003157809260301292,8.468802116112784e-05,0.8102640509605408
117,0.004413457587361336,0.0012731419410556555,5.062459468841553,-0.0002337287426288653,-0.0003516954671365369,1.0314663746884638,0.0006145054940134287,-0.00046075155842117965,-0.0021824203431606293,0.00033124725450761616,9.693585161585361e-05,0.8137614727020264
118,0.004426197614520788,0.001278249896131456,5.062415599822998,-0.00023250219666419385,-0.0003457239049782235,1.047810304417574,0.0005386541015468538,-0.00042376917554065585,-0.0022033625282347202,0.0003462911117821932,0.00010807115904754028,0.817197322845459
119,0.004437469411641359,0.001282638288103044,5.062371253967285,-0.00023090777136255573,-0.0003395584081009595,1.0642217827535145,0.00046455897972919047,-0.0003858439449686557,-0.002222710754722357,0.00036088161868974566,0.00011813711898867041,0.820573091506958
120,0.004447302781045437,0.0012863012962043285,5.062326431274414,-0.00022895396436406435,-0.0003332267942670608,1.080699486418324,0.00039227810339070857,-0.00034706725273281336,-0.00224054092541337,0.000374836556147784,0.00012713519390672445,0.8238887190818787
121,0.004455727990716696,0.0012892335653305054,5.062281131744385,-0.00022664487904738585,-0.0003267548740952808,1.0972424806238912,0.00032186208409257233,-0.0003075303975492716,-0.0022568819113075733,0.00038840348133817315,0.0001351656101178378,0.8271466493606567
122,0.00446277717128396,0.0012914304388687015,5.0622358322143555,-0.0002239878438034785,-0.0003201685535056953,1.113849349914293,0.00025335507234558463,-0.00026732494006864727,-0.0022717344108968973,0.0004014327423647046,0.00014221688616089523,0.8303465843200684
123,0.004468483384698629,0.001292887725867331,5.062190055847168,-0.0002209924099390419,-0.00031349236975919403,1.1305191705636821,0.00018679465574678034,-0.00022654258646070957,-0.00228514289483428,0.0004138435469940305,0.0001483585947426036,0.8334894180297852
124,0.004472881089895964,0.0012936018174514174,5.0621442794799805,-0.0002176682008156256,-0.00030675022373438665,1.1472507689573888,0.00012221191718708724,-0.00018527396605350077,-0.002297136466950178,0.00042564640170894563,0.00015361121040768921,0.8365762233734131
125,0.004476005211472511,0.0012935696868225932,5.062098026275635,-0.0002140200457874341,-0.00029996479242222485,1.1640430142229334,5.963202056591399e-05,-0.00014360916975419968,-0.0023078368976712227,0.0004371052491478622,0.00015803854330442846,0.8396072387695312
126,0.0044778925366699696,0.0012927887728437781,5.062051773071289,-0.0002100627759616678,-0.0002931585771284162,1.1808946884327507,-9.262433877665899e-07,-0.00010163793194806203,-0.0023171664215624332,0.0004477376351132989,0.00016164095723070204,0.8425843119621277
127,0.004478580318391323,0.001291257212869823,5.062005043029785,-0.0002058075657160367,-0.00028635260441789434,1.197804870600246,-5.944985605310649e-05,-5.944808799540624e-05,-0.002325247274711728,0.00045774682075716555,0.00016448050155304372,0.845507800579071
128,0.004478106740862131,0.001288973493501544,5.061958312988281,-0.00020126973464592817,-0.0002795663907504409,1.2147724653864986,-0.00011593155068112537,-1.7125825252151117e-05,-0.0023320477921515703,0.00046694325283169746,0.00016662472626194358,0.8483790755271912
129,0.00447651045396924,0.0012859369162470102,5.061911582946777,-0.00019646000740466306,-0.000272818106813455,1.2317964271812145,-0.0001703694142634049,2.5244984499295242e-05,-0.0023376140743494034,0.00047557460493408144,0.00016813217371236533,0.8511989116668701
130,0.0044738310389220715,0.0012821471318602562,5.061864852905273,-0.0001913917753437865,-0.0002661259442262587,1.2488758255024819,-0.00022276643721852452,6.758227391401306e-05,-0.0023418988566845655,0.0004835263825953007,0.00016899329784791917,0.8539687991142273
131,0.004470109008252621,0.0012776042567566037,5.0618181228637695,-0.0001860757035093442,-0.00025950588453471646,1.2660094825845447,-0.0002731310378294438,0.00010980598744936287,-0.0023451284505426884,0.0004909484996460378,0.00016931073332671076,0.8566877841949463
132,0.004465384874492884,0.0012723092222586274,5.061771392822266,-0.00018052762599414822,-0.0002529731057800966,1.283196576916759,-0.0003214758762624115,0.00015183814684860408,-0.0023471820168197155,0.0004975981428287923,0.00016910942213144153,0.8593580722808838
133,0.0044596996158361435,0.0012662631925195456,5.061724662780762,-0.00017476361423256318,-0.00024654251271849503,1.3004361546188998,-0.0003678181965369731,0.00019360358419362456,-0.002348164329305291,0.0005034803180024028,0.00016839595627970994,0.8619794249534607
134,0.004453095141798258,0.0012594680301845074,5.061677932739258,-0.00016880108554065588,-0.00024022682948099394,1.3177271342342307,-0.0004121798847336322,0.00023503010743297637,-0.002348121488466859,0.0005085373413749039,0.000167261459864676,0.864553689956665
135,0.004445613361895084,0.0012519260635599494,5.061631202697754,-0.00016265220957692903,-0.0002340381740479902,1.3350688305266958,-0.00045458567910827696,0.00027604930801317096,-0.002346945693716407,0.0005130506469868124,0.00016572719323448837,0.8670822978019714
136,0.004437296651303768,0.0012436402030289173,5.06158447265625,-0.00015633407418643819,-0.0002279873776225294,1.3524601042125284,-0.0004950652946718037,0.00031659475644119084,-0.0023448937572538853,0.0005167798371985555,0.00016384357877541333,0.8695642948150635
137,0.004428187385201454,0.001234613824635744,5.061537742614746,-0.00014985726272869377,-0.000222084558946678,1.3699002147515953,-0.0005336509784683585,0.00035660387948155403,-0.002341814339160919,0.0005200649029575288,0.00016163384134415537,0.8720020651817322
138,0.004418327938765287,0.0012248508865013719,5.061491012573242,-0.00014324082491269554,-0.0002163383061581925,1.387388227904473,-0.0005703782080672681,0.0003960163448937237,-0.0023378566838800907,0.000522491754963994,0.0001591635518707335,0.8743950128555298
139,0.004407760687172413,0.0012143556959927082,5.061444282531738,-0.00013649873785978164,-0.00021075631687894614,1.4049231097080428,-0.0006052859826013446,0.0004347757203504443,-0.0023330370895564556,0.000524321396369487,0.0001564614212838933,0.876743495464325
140,0.00439652893692255,0.0012031332589685917,5.061397552490234,-0.00012964468029862223,-0.00020534538827399196,1.422504056496656,-0.0006384154548868537,0.00047282877494581044,-0.0023273550905287266,0.0005255808937363327,0.00015356295625679195,0.87904953956604
141,0.004384674597531557,0.0011911890469491482,5.061351299285889,-0.00012269184530846086,-0.00020011151805410243,1.440130268489979,-0.0006698096403852105,0.0005101255956105888,-0.002320748521015048,0.0005262999329715967,0.00015049306966830045,0.8813137412071228
142,0.004372240975499153,0.0011785289971157908,5.061305046081543,-0.00011565850243994803,-0.00019505896230564979,1.4578009719940515,-0.0006995152798481286,0.000546619005035609,-0.0023134888615459204,0.000526231771800667,0.00014732597628608346,0.8835356831550598
143,0.004359269980341196,0.0011651595123112202,5.061258792877197,-0.00010855686911456079,-0.00019019193880120966,1.4755153322105798,-0.0007275791722349823,0.0005822663079015911,-0.002305410336703062,0.0005256845615804195,0.00014404914691112936,0.8857176303863525
144,0.004345803987234831,0.0011510876938700676,5.06121301651001,-0.00010140209536232943,-0.0001855134093571298,1.4932724163897688,-0.0007540512597188354,0.0006170273991301656,-0.0022965739481151104,0.0005245155189186335,0.00014071351324673742,0.8878595232963562
145,0.004331884905695915,0.0011363208759576082,5.061167240142822,-9.420760664132967e-05,-0.00018102559577504174,1.5110716992335382,-0.0007789815426804125,0.000650866306386888,-0.002286977367475629,0.0005228178342804313,0.00013734184904024005,0.8899627923965454
146,0.0043175541795790195,0.0011208669748157263,5.061121463775635,-8.698885746751187e-05,-0.0001767296512362737,1.5289122873220944,-0.0008024220005609095,0.0006837501423433423,-0.0022767260670661926,0.0005204917397350073,0.00013397526345215738,0.8920273780822754
147,0.004302853252738714,0.0011047344887629151,5.0610761642456055,-7.975522993359048e-05,-0.00017262608953472203,1.5467932961470585,-0.0008244263008236885,0.000715648930054158,-0.0022658652160316706,0.0005178427672944963,0.00013063281949143857,0.8940534591674805
148,0.004287823103368282,0.0010879322653636336,5.061030864715576,-7.252153351246453e-05,-0.00016871457617040342,1.5647141964579612,-0.0008450475288555026,0.0007465368835255504,-0.0022543794475495815,0.0005146036855876446,0.00012734696792904288,0.8960424065589905
149,0.004272504709661007,0.0010704697342589498,5.060986042022705,-6.530250636472097e-05,-0.00016499427569538483,1.5826741420490913,-0.0008643397595733404,0.0007763906614854932,-0.0022422680631279945,0.0005107764736749232,0.00012412783689796925,0.8979953527450562
150,0.004256937652826309,0.001052356674335897,5.060941219329834,-5.810717682900784e-05,-0.00016146369872616084,1.6006724765274272,-0.0008823575335554779,0.0008051909389905632,-0.002229561097919941,0.0005066492012701929,0.00012099536252208054,0.8999122381210327
151,0.00424116151407361,0.0010336034465581179,5.060896873474121,-5.094827379305259e-05,-0.00015812026806827362,1.6187083901384434,-0.0008991559734568,0.0008329209522344172,-0.002216378692537546,0.0005020350799895823,0.00011799451021943241,0.901793897151947
152,0.004225215408951044,0.0010142208775505424,5.060853004455566,-4.383616327095388e-05,-0.00015496118837265982,1.6367811820435327,-0.0009147892124019563,0.000859567488078028,-0.002202689414843917,0.0004970525624230504,0.00011512441415106878,0.9036405682563782
153,0.004209137987345457,0.0009942201431840658,5.060809135437012,-3.6780699182929866e-05,-0.00015198338452360183,1.6548901566237433,-0.0009293121984228492,0.0008851197198964655,-0.0021884941961616278,0.0004917251644656062,0.0001123893162002787,0.905453085899353
154,0.004192966502159834,0.0009736130014061928,5.060765743255615,-2.979043918102909e-05,-0.0001491828092698988,1.6730348216970454,-0.000942778424359858,0.000909570197109133,-0.002173851942643523,0.0004861178167629987,0.0001098278007702902,0.9072320461273193
155,0.0041767386719584465,0.0009524115594103932,5.060722351074219,-2.2876406487933668e-05,-0.0001465551837167567,1.691214336194619,-0.0009552421397529542,0.0009329134481959045,-0.0021588087547570467,0.0004801015602424741,0.0001074410683941096,0.9089772701263428
156,0.004160490818321705,0.0009306283318437636,5.0606794357299805,-1.604867623084309e-05,-0.00014409561715100772,1.7094280794029528,-0.0009667560225352645,0.0009551473194733262,-0.0021433026995509863,0.0004737229901365936,0.00010524997196625918,0.9106902480125427
157,0.004144258797168732,0.0009082763572223485,5.0606369972229,-9.314435009372727e-06,-0.0001417989062277858,1.7276754858825991,-0.0009773722849786282,0.0009762721601873636,-0.0021274550817906857,0.0004671236383728683,0.00010326226038159803,0.912371039390564
158,0.004128077533096075,0.0008853690815158188,5.06059455871582,-2.6817890970603833e-06,-0.00013965962833406564,1.7459559469397412,-0.0009871424408629537,0.000996291171759367,-0.0021111909300088882,0.00046025283518247306,0.00010147890134248883,0.9140217304229736
159,0.004111981485038996,0.0008619202417321503,5.060552597045898,3.843345885915943e-06,-0.00013767198391079205,1.7642687390661342,-0.0009961158502846956,0.001015209243632853,-0.002094537951052189,0.0004532159073278308,9.991117985919118e-05,0.9156423211097717
160,0.00409600418061018,0.0008379440987482667,5.060511112213135,1.0255331666709185e-05,-0.00013582975916448525,1.7826132338402978,-0.0010043422225862741,0.001033033593557775,-0.002077617449685931,0.0004460225172806531,9.857448458205909e-05,0.9172317385673523
161,0.004080178216099739,0.0008134553208947182,5.060470104217529,1.654950132448458e-05,-0.00013412694261205615,1.8009890263196697,-0.00101186940446496,0.001049773651175201,-0.0020603700540959835,0.00043871646630577743,9.745272836880758e-05,0.9187920689582825
162,0.00406453525647521,0.0007884688675403595,5.060429096221924,2.271801473999186e-05,-0.00013255700796510617,1.8193953413357176,-0.0010187438456341624,0.0010654397774487734,-0.0020428383722901344,0.00043113395804539323,9.656415204517543e-05,0.9203238487243652
163,0.00404910696670413,0.0007630001637153327,5.060388565063477,2.8755990355956146e-05,-0.00013111327836590192,1.8378319162711527,-0.00102501071523875,0.0010800454765558243,-0.002025099005550146,0.0004234197549521923,9.590919216861948e-05,0.9218263626098633
164,0.004033923149108887,0.0007370649254880846,5.0603485107421875,3.466234960651103e-05,-0.00012978932252272202,1.856297916165443,-0.001030713552609086,0.0010936055332422256,-0.0020070315804332495,0.00041575555223971605,9.54731585807167e-05,0.9233019351959229
165,0.00401901314035058,0.000710679276380688,5.060308933258057,4.0429333707542274e-05,-0.00012857791566500687,1.8747928420525763,-0.0010358943836763501,0.0011061354307457805,-0.0019887397065758705,0.00040780327981337905,9.52894042711705e-05,0.924749493598938
166,0.004004405811429024,0.0006838596891611814,5.060269355773926,4.6054740487465985e-05,-0.00012747260653100945,1.8933162474216536,-0.0010405946522951126,0.0011176534462720156,-0.0019702999852597713,0.00039983561146073043,9.531333489576355e-05,0.9261696934700012
167,0.0039901286363601685,0.0006566229276359081,5.060230255126953,5.153654901996109e-05,-0.00012646609528599306,1.9118674067262165,-0.0010448527755215764,0.0011281785555183887,-0.0019515904132276773,0.000391854380723089,9.558504098095e-05,0.9275639057159424
168,0.003976207692176104,0.0006289861048571765,5.060191631317139,5.687295944634413e-05,-0.00012555226263999408,1.9304460606319345,-0.0010487063555046916,0.0011377310147508979,-0.0019327627960592508,0.00038386735832318664,9.604241495253518e-05,0.9289313554763794
169,0.003962669055908918,0.0006009666249155998,5.060153484344482,6.205964037883755e-05,-0.0001247239395887334,1.9490514372362668,-0.001052191248163581,0.0011463318951427937,-0.0019137260969728231,0.00037573877489194274,9.673512977315113e-05,0.9302739500999451
170,0.0039495378732681274,0.0005725822411477566,5.060115814208984,6.709474683174726e-05,-0.0001239742756953266,1.9676832876620154,-0.0010553414467722178,0.0011540038976818323,-0.0018945998745039105,0.0003675907792057842,9.764138667378575e-05,0.9315909743309021
171,0.003936837427318096,0.0005438509397208691,5.060078144073486,7.198174258702859e-05,-0.00012329644341302348,1.9863409467510809,-0.0010581891983747482,0.0011607707710936666,-0.0018752787727862597,0.00035967942676506937,9.876266267383471e-05,0.9328839778900146
172,0.003924590535461903,0.0005147909396328032,5.0600409507751465,7.671705826276383e-05,-0.00012268412383598104,2.005023987287456,-0.0010607661679387093,0.00116665568202734,-0.0018559142481535673,0.00035165034933015704,0.0001000690390355885,0.9341518878936768
173,0.003912819549441338,0.00048542083823122084,5.060004234313965,8.129913942892242e-05,-0.0001221308955081657,2.0237318705800824,-0.0010631007608026266,0.0011716834269464016,-0.001836444716900587,0.0003435964463278651,0.00010156509233638644,0.9353971481323242
174,0.0039015451911836863,0.0004557594074867666,5.059967994689941,8.572921221671893e-05,-0.00012163024189804084,2.042464235954075,-0.0010652199853211641,0.0011758796172216535,-0.0018168105743825436,0.0003356528468430042,0.00010325272160116583,0.9366190433502197
175,0.003890787484124303,0.0004258256230968982,5.059932231903076,9.000844317348361e-05,-0.00012117645092257767,2.061220593652292,-0.0010671501513570547,0.0011792698642238975,-0.001797146862372756,0.00032780974288471043,0.00010509350977372378,0.9378184080123901
176,0.0038805652875453234,0.0003956387226935476,5.059896469116211,9.413798054619172e-05,-0.0001207635650390948,2.0800005453862327,-0.0010689151240512729,0.0011818803614005446,-0.0017774079460650682,0.0003200608189217746,0.0001071006990969181,0.9389951229095459
177,0.0038708967622369528,0.00036521811853162944,5.059861183166504,9.81178618300634e-05,-0.00012038492273425128,2.0988035652948547,-0.001070537487976253,0.0011837370693683624,-0.0017576683312654495,0.00031234574271366,0.00010930668941000476,0.9401490688323975
178,0.003861798672005534,0.0003345833974890411,5.059826374053955,0.0001019513613990353,-0.00012003563675966333,2.117629204754828,-0.0010720385471358895,0.0011848664144054055,-0.0017378845950588584,0.00030482091824524105,0.00011162478767801076,0.941280722618103
179,0.0038532873149961233,0.0003037543501704931,5.0597920417785645,0.00010563756743005956,-0.00011971012034028838,2.1364770196384915,-0.0010734376264736056,0.0011852943571284413,-0.0017181460279971361,0.0002972720831166953,0.00011409004946472123,0.9423916339874268
180,0.0038453778252005577,0.0002727509126998484,5.059758186340332,0.00010917973007774612,-0.00011940303356983151,2.15534665271315,-0.00107475183904171,0.0011850484879687428,-0.0016982569359242916,0.0002899017999880016,0.00011669283412629738,0.9434832334518433
181,0.0038380841724574566,0.00024159312306437641,5.059724807739258,0.00011257894821175081,-0.00011910989735341992,2.174237701301873,-0.0010759978322312236,0.0011841548839583993,-0.001678412314504385,0.0002825991832651198,0.00011938857642235234,0.9445533752441406
182,0.0038314196281135082,0.00021030116477049887,5.059691429138184,0.00011584135417542424,-0.00011882592205214593,2.193149757213386,-0.001077190856449306,0.0011826398549601436,-0.001658627181313932,0.000275612052064389,0.00012219521158840507,0.9456024169921875
183,0.0038253962993621826,0.00017889533773995936,5.059658527374268,0.00011896741706901837,-0.00011854575914060916,2.2120824204291227,-0.0010783442994579673,0.001180529361590743,-0.0016388423973694444,0.00026865018298849463,0.00012514718400780112,0.9466317892074585
184,0.003820025362074375,0.0001473960146540776,5.05962610244751,0.00012195968654176752,-0.00011826588147645367,2.2310352494922387,-0.0010794706176966429,0.0011778486659750342,-0.0016191020840778947,0.00026181573048233986,0.00012814899673685431,0.9476420879364014
185,0.0038153170607984066,0.00011582364822970703,5.05959415435791,0.00012482050430241787,-0.00011798222863768082,2.250007926594698,-0.0010805799392983317,0.0011746239615604281,-0.0015993162523955107,0.00025509297847747803,0.0001312346721533686,0.9486343264579773
186,0.003811280708760023,8.419873483944684e-05,5.059562683105469,0.0001275564379490072,-0.00011769111905191032,2.2690000291411083,-0.0010816827416419983,0.0011708796955645084,-0.0015796497464179993,0.00024869112530723214,0.00013438472524285316,0.9496071934700012
187,0.0038079246878623962,5.2541832701535895e-05,5.0595316886901855,0.000130166840425314,-0.00011738850183129479,2.288011253634502,-0.0010827872902154922,0.0011666400823742151,-0.0015600129263475537,0.00024224468506872654,0.00013762075104750693,0.9505619406700134
188,0.003805256448686123,2.0873503672191873e-05,5.059500694274902,0.00013265481755414237,-0.00011707198524257834,2.307041268464353,-0.0010839004535228014,0.0011619300348684192,-0.0015403752913698554,0.0002359396603424102,0.0001408631942467764,0.951499342918396
189,0.0038032825104892254,-1.0785683116409928e-05,5.059470176696777,0.00013502487776108083,-0.00011673834230596647,2.326089612052596,-0.0010850289836525917,0.001156772836111486,-0.0015208723489195108,0.0002298422623425722,0.00014415249461308122,0.952418327331543
190,0.0038020084612071514,-4.2415176721988246e-05,5.0594401359558105,0.00013728139396794418,-0.00011638491058385547,2.345156032796563,-0.0010861781192943454,0.001151191652752459,-0.0015014129457995296,0.00022394245024770498,0.00014746878878213465,0.9533205032348633
191,0.003801438957452774,-7.399445894407108e-05,5.059410572052002,0.00013942580497088293,-0.00011600891470409103,2.3642401809926508,-0.0010873524006456137,0.0011452091857790947,-0.0014820883516222239,0.0002180933952331543,0.0001508162822574377,0.9542049765586853
192,0.0038015777245163918,-0.00010550305887591094,5.059381484985352,0.00014146349322303813,-0.00011560717810699117,2.3833416663933518,-0.001088554854504764,0.0011388470884412527,-0.001462823012843728,0.00021248639677651227,0.0001542211539344862,0.9550737142562866
193,0.0038024275563657284,-0.00013692057109437883,5.059352397918701,0.0001433955382493194,-0.00011517877114530783,2.402460130462478,-0.0010897881584241986,0.0011321267811581492,-0.0014436462661251426,0.00020690624660346657,0.0001575717469677329,0.9559259414672852
194,0.003803990548476577,-0.00016822667384985834,5.059323787689209,0.00014522821266645867,-0.00011472167068093952,2.4215953903773957,-0.001091054524295032,0.0011250688694417477,-0.0014246049104258418,0.00020161105203442276,0.00016092596342787147,0.9567614197731018
195,0.0038062678650021553,-0.0001994011690840125,5.059295654296875,0.0001469654309949174,-0.00011423427388312923,2.4407470286524164,-0.0010923538357019424,0.0011176938423886895,-0.0014055466745048761,0.00019648027955554426,0.00016426912043243647,0.957582414150238
196,0.0038092597387731075,-0.00023042394604999572,5.059267997741699,0.00014860980355566633,-0.00011371472266930027,2.459914739165843,-0.0010936876060441136,0.0011100200936198235,-0.0013867130037397146,0.00019144799443893135,0.00016761469305492938,0.9583864808082581
197,0.003812965704128146,-0.00026127503952011466,5.059240818023682,0.00015016367019259668,-0.00011316206472566925,2.4790982078747112,-0.0010950551368296146,0.0011020662495866418,-0.0013680129777640104,0.0001864982332335785,0.0001709206699160859,0.9591756463050842
198,0.0038173841312527657,-0.0002919346443377435,5.059213638305664,0.0001516308065933257,-0.00011257477237447411,2.4982972126502694,-0.0010964554967358708,0.0010938503546640277,-0.0013494176091626287,0.00018170246039517224,0.00017421736265532672,0.9599500298500061
199,0.0038225131575018167,-0.00032238312996923923,5.059186935424805,0.00015301792209479264,-0.00011195218117676653,2.5175114102206892,-0.0010978867067024112,0.0010853898711502552,-0.0013308955822139978,0.00017720671894494444,0.0001774683187250048,0.9607102870941162
200,0.0038283495232462883,-0.0003526010550558567,5.0591607093811035,0.0001543265710123027,-0.00011129386658947915,2.5367404818144514,-0.0010993476025760174,0.001076700515113771,-0.0013125682016834617,0.00017275079153478146,0.00018066333723254502,0.9614561200141907
201,0.003834889503195882,-0.00038256915286183357,5.0591349601745605,0.00015556037988761687,-0.00011059988272665855,2.555984273728258,-0.0011008352739736438,0.0010677978862076998,-0.0012943294132128358,0.00016844029596541077,0.00018378299137111753,0.9621879458427429
202,0.003842128673568368,-0.00041226838948205113,5.059109210968018,0.00015672201519503401,-0.00010986964350911954,2.575242386428153,-0.001102347276173532,0.0010586968855932355,-0.0012762252008542418,0.00016422593034803867,0.00018685981922317296,0.9629063010215759
203,0.0038500616792589426,-0.00044167996384203434,5.059083938598633,0.00015781448024279545,-0.00010910249025286589,2.5945146109895614,-0.0011038806987926364,0.0010494119487702847,-0.0012582394992932677,0.00016012332343962044,0.00018990132957696915,0.9636104106903076
204,0.0038586824666708708,-0.00047078533680178225,5.059059143066406,0.00015884021383445371,-0.00010829844224091723,2.613800597454733,-0.001105432165786624,0.0010399563470855355,-0.001240478246472776,0.00015610482660122216,0.00019287606119178236,0.9643011093139648
205,0.0038679842837154865,-0.0004995662020519376,5.059034824371338,0.00015980214858461216,-0.00010745774631826244,2.6331001458305274,-0.0011069976026192307,0.0010303433518856764,-0.00122274539899081,0.00015219551278278232,0.00019577503553591669,0.9649794697761536
206,0.0038779599126428366,-0.0005280046025291085,5.0590105056762695,0.00016070646517772646,-0.00010658112060601965,2.65241300717008,-0.001108573516830802,0.0010205853031948209,-0.0012052670354023576,0.0001485568209318444,0.0001985792478080839,0.9656437635421753
207,0.0038886009715497494,-0.0005560828722082078,5.058986663818359,0.00016155403041014118,-0.00010566863495720114,2.6717389228525694,-0.0011101558338850737,0.0010106934932991862,-0.0011879217345267534,0.0001449249975848943,0.000201322473003529,0.9662961959838867
208,0.0038998988457024097,-0.0005837836069986224,5.058963298797607,0.00016234648716480774,-0.00010472110409831537,2.6910776762177693,-0.00111174036283046,0.0010006788652390242,-0.0011707260273396969,0.00014133773220237345,0.0002039707760559395,0.9669358730316162
209,0.003911843989044428,-0.0006110897520557046,5.058940410614014,0.00016308742902402368,-0.0001037392289435779,2.710428939159141,-0.001113323145546019,0.0009905515471473336,-0.0011536941165104508,0.0001378952874802053,0.000206531272851862,0.9675635695457458
210,0.00392442662268877,-0.0006379846017807722,5.05891752243042,0.00016378011892298437,-0.00010272317480386484,2.729792570597417,-0.0011148995254188776,0.0009803216671571136,-0.001136810751631856,0.00013457960449159145,0.00020903458062093705,0.9681800007820129
211,0.003937636036425829,-0.0006644517998211086,5.058895111083984,0.00016442849616986612,-0.00010167393600557517,2.7491682444200425,-0.0011164655443280935,0.000969997956417501,-0.001120121800340712,0.00013142636453267187,0.00021144159836694598,0.9687837362289429
212,0.003951460588723421,-0.0006904753390699625,5.058873176574707,0.000165032058190356,-0.00010059205321200082,2.7685557602223687,-0.001118016429245472,0.0009595889714546502,-0.0011035071220248938,0.0001282131706830114,0.00021377770463004708,0.9693768620491028
213,0.003965889103710651,-0.0007160396780818701,5.05885124206543,0.0001655908847010655,-9.947861510339884e-05,2.7879549216430557,-0.0011195477563887835,0.0009491026867181063,-0.0010871152626350522,0.0001249704509973526,0.00021601574553642422,0.9699583053588867
214,0.003980908542871475,-0.000741129566449672,5.0588297843933105,0.00016611066152588054,-9.833455400842794e-05,2.807365471004175,-0.001121055451221764,0.0009385467856191099,-0.0010709327179938555,0.00012197936302982271,0.00021816309890709817,0.970528244972229
215,0.0039965067990124226,-0.0007657302776351571,5.05880880355835,0.00016659352837891265,-9.716043087015791e-05,2.826787202308221,-0.0011225348571315408,0.000927928660530597,-0.0010548541322350502,0.00011906385770998895,0.00022024645295459777,0.9710882306098938
216,0.004012669902294874,-0.0007898273761384189,5.058787822723389,0.00016703885297270852,-9.595834904563283e-05,2.8462199609459042,-0.001123981666751206,0.0009172545978799462,-0.001038954360410571,0.00011608671047724783,0.00022218699450604618,0.9716371297836304
217,0.004029383882880211,-0.00081340700853616,5.058767318725586,0.00016745065557475117,-9.472890350248342e-05,2.865663490883656,-0.0011253916891291738,0.0009065308840945363,-0.0010232485365122557,0.0001132810502895154,0.00022406164498534054,0.9721757769584656
218,0.004046634770929813,-0.0008364556124433875,5.058747291564941,0.0001678303302533528,-9.347352098343364e-05,2.885117602591717,-0.001126761082559824,0.0008957631071098149,-0.0010076467879116535,0.0001105161354644224,0.00022583208919968456,0.972705602645874
219,0.004064407665282488,-0.0008589602075517178,5.058727264404297,0.00016817869643355135,-9.219339422550377e-05,2.9045821153084614,-0.001128085539676249,0.0008849566802382469,-0.0009922538883984089,0.0001077657361747697,0.00022751018695998937,0.9732245802879333
220,0.004082687199115753,-0.0008809082210063934,5.0587077140808105,0.0001684980955836501,-9.088976813265148e-05,2.9240567869870167,-0.0011293613351881504,0.0008741162600927055,-0.000977024552412331,0.00010510643915040419,0.0002290957054356113,0.9737331867218018
221,0.004101457539945841,-0.0009022875456139445,5.058688640594482,0.00016879032110186267,-8.956364150192186e-05,2.943541441427241,-0.001130585209466517,0.0008632465614937246,-0.0009619889315217733,0.00010251275671180338,0.00023060257080942392,0.9742323160171509
222,0.004120702855288982,-0.0009230865980498493,5.058669567108154,0.0001690571468050132,-8.821628864419395e-05,2.9630358877778047,-0.0011317532043904066,0.0008523515425622463,-0.0009471622761338949,9.998483437811956e-05,0.00023201947624329478,0.9747218489646912
223,0.004140406847000122,-0.0009432942606508732,5.058650970458984,0.00016929877346428664,-8.684897387989388e-05,2.9825399180801204,-0.0011328619439154863,0.0008414347539655864,-0.0009324542479589581,9.744259295985103e-05,0.00023334620345849544,0.9752024412155151
224,0.0041605522856116295,-0.0009628998814150691,5.0586323738098145,0.00016951638085584223,-8.546280501819936e-05,3.0020533958907416,-0.0011339084012433887,0.0008304998045787215,-0.0009180153720080853,9.494023106526583e-05,0.00023459250223822892,0.975673496723175
225,0.0041811224073171616,-0.000981893390417099,5.058614253997803,0.00016971348089017427,-8.405910368436409e-05,3.0215761260147604,-0.0011348893167451024,0.0008195500122383237,-0.0009036203846335411,9.259294893126935e-05,0.00023575003433506936,0.9761362075805664
226,0.004202099982649088,-0.001000265241600573,5.058596611022949,0.00016988888804136284,-8.263935435981473e-05,3.0411079124802094,-0.0011358020128682256,0.0008085876470431685,-0.0008894791244529188,9.016798867378384e-05,0.00023681092716287822,0.976589560508728
227,0.0042234668508172035,-0.001018006238155067,5.058578968048096,0.0001700413211113584,-8.120472688943892e-05,3.0606486056036424,-0.0011366436956450343,0.0007976156193763018,-0.0008754569571465254,8.766163955442607e-05,0.00023779105686116964,0.9770347476005554
228,0.004245205316692591,-0.0010351078817620873,5.0585618019104,0.00017017210744334072,-7.975639020751935e-05,3.080198037147402,-0.0011374119203537703,0.0007866367814131081,-0.0008615836268290877,8.520647679688409e-05,0.00023868915741331875,0.9774714708328247
229,0.0042672972194850445,-0.00105156225617975,5.058544635772705,0.0001702810272016814,-7.829561329342205e-05,3.0997560250761773,-0.0011381045915186405,0.0007756536360830069,-0.0008479341049678624,8.272431296063587e-05,0.00023950145987328142,0.9778996109962463
230,0.0042897239327430725,-0.001067361794412136,5.058527946472168,0.00017037115924402498,-7.682362056971037e-05,3.119322414597511,-0.0011387192644178867,0.0007646687445230782,-0.0008344481466338038,8.038504893193021e-05,0.0002402306708972901,0.9783197045326233
231,0.0043124668300151825,-0.001082499627955258,5.058511734008789,0.00017044368088285866,-7.534107961526537e-05,3.138897044957764,-0.0011392539599910378,0.0007536841440014541,-0.0008211412350647151,7.809035014361143e-05,0.00024090766964945942,0.9787314534187317
232,0.004335507284849882,-0.001096969353966415,5.05849552154541,0.0001705000815156557,-7.384924198738929e-05,-3.124705551725493,-0.0011397073976695538,0.0007427014061249793,-0.0008079985273070633,7.585865387227386e-05,0.0002415049821138382,0.9791356325149536
233,0.004358826205134392,-0.0011107652680948377,5.0584797859191895,0.00017054102559105694,-7.234929279942293e-05,-3.105114892693618,-0.0011400774819776416,0.0007317219860851765,-0.0007950047729536891,7.365011697402224e-05,0.00024202569329645485,0.9795331954956055
234,0.004382404498755932,-0.001123882015235722,5.058464050292969,0.0001705656134740044,-7.084222643594096e-05,-3.08551644162131,-0.0011403629323467612,0.0007207471644505858,-0.0007821596809662879,7.138701766962186e-05,0.0002424799167783931,0.9799227118492126
235,0.004406223073601723,-0.0011363148223608732,5.058448791503906,0.00017057554717245818,-6.932924262614826e-05,-3.0659103375209176,-0.0011405627010390162,0.0007097781635820866,-0.0007695080130361021,6.920118175912648e-05,0.00024285833933390677,0.9803047776222229
236,0.0044302623718976974,-0.0011480596149340272,5.058433532714844,0.00017057209243498883,-6.781136130351584e-05,-3.046296766674287,-0.001140675274655223,0.0006988159148022532,-0.0007570806774310768,6.707256397930905e-05,0.00024316935741808265,0.980678915977478
237,0.004454502835869789,-0.0011591127840802073,5.0584187507629395,0.00017055463992394945,-6.628916372486415e-05,-3.0266758318384417,-0.0011407003039494157,0.0006878613494336605,-0.0007447571842931211,6.49065405013971e-05,0.00024343801487702876,0.9810473322868347
238,0.004478924907743931,-0.0011694713030010462,5.058403968811035,0.00017052323896963868,-6.476373816299841e-05,-3.007047671742928,-0.0011406366247683764,0.0006769151659682393,-0.0007325978949666023,6.273791223065928e-05,0.00024363715783692896,0.9814081788063049
239,0.004503509029746056,-0.0011791324941441417,5.058389663696289,0.00017047710032277313,-6.323636138949595e-05,-2.987412433318205,-0.0011404837714508176,0.0006659782957285643,-0.0007205871515907347,6.052561366232112e-05,0.00024375683278776705,0.981762170791626
240,0.0045282356441020966,-0.0011880946112796664,5.058375358581543,0.00017041663420994368,-6.170751446310518e-05,-2.9677702426637182,-0.001140241394750774,0.00065505167003721,-0.0007087553385645151,5.833153045387007e-05,0.00024383710115216672,0.9821093082427979
241,0.004553085193037987,-0.0011963561410084367,5.058361530303955,0.00017034378364787448,-6.0177960601315306e-05,-2.94812126103533,-0.0011399093782529235,0.0006441361620090902,-0.0006971324910409749,5.6230452173622325e-05,0.00024386495351791382,0.9824493527412415
242,0.004578037653118372,-0.0012039162684231997,5.058347702026367,0.00017025801782973767,-5.8648874128541806e-05,-2.9284655925968215,-0.0011394871398806572,0.0006332321790978312,-0.0006855986430309713,5.410195080912672e-05,0.00024382068659178913,0.9827834963798523
243,0.0046030739322304726,-0.0012107746442779899,5.0583343505859375,0.00017015697209315727,-5.7120638394581036e-05,-2.9088033771065964,-0.0011389752617105842,0.0006223405944183469,-0.0006742887781001627,5.185512418393046e-05,0.00024374196073040366,0.9831107258796692
244,0.004628174006938934,-0.0012169316178187728,5.058320999145508,0.00017004290069374587,-5.559402994581575e-05,-2.889134732549576,-0.0011383735109120607,0.0006114622228778899,-0.0006630827556364238,4.971926682628691e-05,0.00024360987299587578,0.9834321141242981
245,0.004653318785130978,-0.0012223880039528012,5.058308124542236,0.00016991522060373537,-5.406981533462307e-05,-2.8694597827187946,-0.001137681887485087,0.0006005979375913739,-0.0006521157338283956,4.755697227665223e-05,0.00024342481628991663,0.9837467670440674
246,0.0046784887090325356,-0.0012271450832486153,5.058295249938965,0.0001697719656223555,-5.254816086974756e-05,-2.849778656545928,-0.0011369013227522373,0.0005897481460124254,-0.0006412225193344057,4.5296328607946634e-05,0.0002432159672025591,0.9840569496154785
247,0.0047036646865308285,-0.001231204834766686,5.058282852172852,0.00016961451343921384,-5.102976089599309e-05,-2.830091480547372,-0.0011360319331288338,0.000578914419747889,-0.0006305382703430951,4.310752410674468e-05,0.00024295650655403733,0.9843598008155823
248,0.0047288271598517895,-0.0012345695868134499,5.058270454406738,0.00016944306302549536,-4.951540599118509e-05,-2.8103983468959055,-0.0011350741842761636,0.0005680975154973567,-0.0006199582712724805,4.0929506212705746e-05,0.00024264301464427263,0.9846578240394592
249,0.004753957036882639,-0.0012372423661872745,5.058258056640625,0.0001692614961252621,-4.8005547933493986e-05,-2.7906993539328577,-0.0011340286582708359,0.0005572981899604201,-0.000609557144343853,3.89484157494735e-05,0.00024229400150943547,0.9849499464035034
250,0.0047790356911718845,-0.0012392266653478146,5.05824613571167,0.0001690672168047932,-4.650072143919104e-05,-2.770994636327182,-0.0011328960536047816,0.0005465166759677231,-0.0005993494996801019,3.68411565432325e-05,0.0002419058291707188,0.9852361083030701
251,0.004804044030606747,-0.0012405264424160123,5.058234214782715,0.00016885837314348318,-4.500144750196888e-05,-2.7512843103219593,-0.0011316773016005754,0.0005357536138035357,-0.000589276198297739,3.464641486061737e-05,0.00024147689691744745,0.9855164289474487
252,0.004828963428735733,-0.0012411462375894189,5.058222770690918,0.0001686365291581206,-4.350791442941926e-05,-2.7315684754243,-0.0011303731007501483,0.0005250101676210761,-0.0005793666932731867,3.253390605095774e-05,0.00024102407041937113,0.9857912659645081
253,0.004853775724768639,-0.001241091056726873,5.058211326599121,0.00016840146105175896,-4.2020657580854603e-05,-2.7118472743059203,-0.0011289843823760748,0.0005142868612892926,-0.0005696361185982823,3.0414776119869202e-05,0.0002405305131105706,0.9860614538192749
254,0.004878462757915258,-0.001240366487763822,5.058200359344482,0.0001681528106407445,-4.053953607674465e-05,-2.6921207706111234,-0.0011275123106315732,0.0005035845679230988,-0.0005599798751063645,2.8282938728807494e-05,0.0002400298253633082,0.9863259196281433
255,0.004903006367385387,-0.0012389784678816795,5.058189392089844,0.00016788972405120685,-3.9064584003378755e-05,-2.6723890366417615,-0.0011259574675932527,0.0004929044516757131,-0.0005504728178493679,2.6113764761248603e-05,0.00023951282491907477,0.9865855574607849
256,0.004927388858050108,-0.0012369333999231458,5.058178424835205,0.00016761314313748464,-3.7596481952117955e-05,-2.652652211993344,-0.0011243209009990096,0.0004822472110390663,-0.0005410998128354549,2.3997148673515767e-05,0.00023894684272818267,0.986841082572937
257,0.004951592534780502,-0.0012342383852228522,5.058167934417725,0.00016732211054009592,-3.6135414610338756e-05,-2.6329103681350547,-0.0011226036585867405,0.00047161401016637683,-0.0005318459589034319,2.1839017790625803e-05,0.0002383569226367399,0.9870918393135071
258,0.00497560016810894,-0.0012309008743613958,5.058157444000244,0.00016701773761316428,-3.46817868637217e-05,-2.6131636365105995,-0.00112080667167902,0.00046100604231469333,-0.0005227858200669289,1.9741519281524234e-05,0.00023773217981215566,0.9873372316360474
259,0.004999394994229078,-0.0012269287835806608,5.058146953582764,0.0001666993510848615,-3.323595567428228e-05,-2.593412023293777,-0.0011189311044290662,0.00045042415149509907,-0.0005138001870363951,1.7619178834138438e-05,0.00023707511718384922,0.9875789880752563
260,0.005022960249334574,-0.001222330378368497,5.058136940002441,0.00016636708423091798,-3.17978044261924e-05,-2.5736557363376074,-0.0011169778881594539,0.0004398692399263382,-0.0005050082691013813,1.5507812349824235e-05,0.00023640922154299915,0.9878156781196594
261,0.005046279635280371,-0.001217114506289363,5.058126926422119,0.00016602133335133078,-3.0367433388356346e-05,-2.5538947883842673,-0.001114948303438723,0.0004293426754884422,-0.0004963653045706451,1.3424292774288915e-05,0.00023572391364723444,0.9880469441413879
262,0.005069336853921413,-0.0012112903641536832,5.058117389678955,0.0001656626427921607,-2.8945497903665185e-05,-2.534129332035169,-0.0011128433980047703,0.0004188455350231379,-0.00048787143896333873,1.1374266250641085e-05,0.00023499186499975622,0.9882738590240479
263,0.005092116072773933,-0.0012048676144331694,5.058107852935791,0.0001652881134272849,-2.7532209696756738e-05,-2.514359367203069,-0.0011106642195954919,0.00040837880806066096,-0.00047945219557732344,9.188026524498127e-06,0.00023423420498147607,0.9884974360466003
264,0.005114602390676737,-0.0011978562688454986,5.058098316192627,0.00016490196344912315,-2.612758174169727e-05,-2.4945850569220434,-0.0011084119323641062,0.0003979436296503991,-0.0004711072251666337,7.2204934440378565e-06,0.00023346116358879954,0.9887173175811768
265,0.0051367804408073425,-0.0011902668047696352,5.058089256286621,0.0001645026476530946,-2.4731322054050153e-05,-2.4748063684966684,-0.0011060878168791533,0.0003875411057379097,-0.0004628814058378339,5.181926098885015e-06,0.00023269056691788137,0.9889324903488159
266,0.005158635322004557,-0.0011821100488305092,5.058080196380615,0.0001640887094574882,-2.3344119934209928e-05,-2.4550234589487587,-0.0011036929208785295,0.00037717216764576733,-0.00045484935981221497,3.0801202228758484e-06,0.00023187040642369539,0.9891433715820312
267,0.00518015306442976,-0.001173397176899016,5.058071136474609,0.00016366324189320055,-2.196585682168184e-05,-2.435236489050263,-0.0011012282921001315,0.00036683850339613855,-0.0004470111452974379,1.1409393891881336e-06,0.00023104148567654192,0.9893497824668884
268,0.005201319232583046,-0.001164139830507338,5.058062553405762,0.00016322416807112603,-2.059621834016312e-05,-2.4154453973463736,-0.001098695327527821,0.00035654057865031064,-0.00043926230864599347,-8.938841347116977e-07,0.00023021592642180622,0.9895527958869934
269,0.00522212078794837,-0.001154349884018302,5.058053970336914,0.00016277163749642688,-1.9235182617372004e-05,-2.395650380243326,-0.001096094842068851,0.00034627976128831506,-0.00043160284985788167,-2.9138464014977217e-06,0.00022937699395697564,0.989751935005188
270,0.0052425442263484,-0.0011440395610406995,5.058045387268066,0.00016230582709985127,-1.7882767763488516e-05,-2.3758513617186043,-0.0010934281162917614,0.00033605718635953963,-0.00042401772225275636,-4.91858008899726e-06,0.00022852412075735629,0.9899472594261169
271,0.005262576974928379,-0.001133221434429288,5.058037281036377,0.0001618276607950532,-1.6539740069099196e-05,-2.3560486143923662,-0.0010906958486884832,0.0003258741635363549,-0.00041665640310384333,-6.8660669967357535e-06,0.00022761768195778131,0.9901384115219116
272,0.0052822064608335495,-0.00112190842628479,5.0580291748046875,0.0001613367701104311,-1.520508772756557e-05,-2.336242117883172,-0.0010878994362428784,0.0003157314204145223,-0.0004093841416761279,-8.825337317830417e-06,0.000226749645662494,0.9903261661529541
273,0.0053014205768704414,-0.0011101138079538941,5.058021068572998,0.00016083277070069718,-1.3879383124137945e-05,-2.316431923428964,-0.0010850394610315561,0.0003056309651583433,-0.00040227617137134075,-1.079522553482093e-05,0.00022583916143048555,0.9905099868774414
274,0.0053202081471681595,-0.0010978509671986103,5.058012962341309,0.0001603168684845584,-1.2563248465102816e-05,-2.2966181132204238,-0.0010821172036230564,0.0002955730597022921,-0.0003951977414544672,-1.2695651093963534e-05,0.00022488443937618285,0.9906907677650452
275,0.005338557995855808,-0.0010851336410269141,5.058005332946777,0.00015978819385607852,-1.125617717612215e-05,-2.2768007531744923,-0.001079133595339954,0.00028555921744555235,-0.00038826835225336254,-1.4631831618316937e-05,0.0002239422028651461,0.9908678531646729
276,0.00535645941272378,-0.0010719759156927466,5.057997703552246,0.00015924696326363318,-9.957706500918206e-06,-2.256979930522553,-0.0010760895675048232,0.0002755906025413424,-0.00038148800376802683,-1.654879451962188e-05,0.0002230098907602951,0.9910409450531006
277,0.005373901687562466,-0.0010583919938653708,5.057990074157715,0.00015869270652374358,-8.668935035149872e-06,-2.2371557255500663,-0.0010729862842708826,0.0002656685246620327,-0.00037482695188373327,-1.8479749996913597e-05,0.0002220084861619398,0.9912115335464478
278,0.00539087550714612,-0.0010443964274600148,5.057982921600342,0.00015812605306007947,-7.388671108721212e-06,-2.217328118670061,-0.0010698243277147412,0.0002557939733378589,-0.0003681955859065056,-2.0372226572362706e-05,0.00022105495736468583,0.9913791418075562
279,0.005407371558248997,-0.001030003884807229,5.057975769042969,0.00015754933286863288,-6.117292707052968e-06,-2.197497236951954,-0.0010666046291589737,0.00024596857838332653,-0.0003616834874264896,-2.2139087377581745e-05,0.00022006945800967515,0.9915430545806885
280,0.005423380993306637,-0.001015229383483529,5.057968616485596,0.00015696252941217016,-4.854684582777935e-06,-2.1776631029108833,-0.0010633281199261546,0.00023619273270014673,-0.0003552756388671696,-2.389859400864225e-05,0.00021907957852818072,0.991703450679779
281,0.005438895430415869,-0.0010000879410654306,5.057961463928223,0.00015636683210938496,-3.601064709535251e-06,-2.1578259018254866,-0.0010599953820928931,0.00022646757133770734,-0.00034903179039247334,-2.55913855653489e-05,0.00021806868608109653,0.9918612241744995
282,0.005453906953334808,-0.0009845949243754148,5.057954788208008,0.00015575923401662113,-2.356033788064593e-06,-2.137985537820021,-0.0010566073469817638,0.00021679321071133018,-0.00034286233130842447,-2.742398100963328e-05,0.0002170664956793189,0.9920167922973633
283,0.005468407645821571,-0.0009687657002359629,5.057948112487793,0.00015514071709976838,-1.1201946701344667e-06,-2.118142197215716,-0.0010531649459153414,0.00020717125153169036,-0.000336737692123279,-2.9200144126662053e-05,0.00021602233755402267,0.9921689629554749
284,0.0054823909886181355,-0.0009526158683001995,5.057941436767578,0.00015451193642918457,1.062859091849333e-07,-2.0982958300951533,-0.0010496684117242694,0.00019760240684263408,-0.00033071712823584676,-3.0935596441850066e-05,0.00021495904366020113,0.9923180341720581
285,0.005495849996805191,-0.0009361612028442323,5.057934761047363,0.00015387078598372848,1.3240682574799933e-06,-2.0784465391249944,-0.0010461192578077316,0.00018808800086844712,-0.00032489068689756095,-3.2765554351499304e-05,0.00021391607879195362,0.9924638271331787
286,0.00550877908244729,-0.0009194175363518298,5.057928562164307,0.00015322009679163805,2.5330740061058066e-06,-2.05859435398958,-0.001042517484165728,0.0001786288630682975,-0.0003190490824636072,-3.4447439247742295e-05,0.00021285892580635846,0.9926077127456665
287,0.005521172191947699,-0.000902400875929743,5.05792236328125,0.00015255652747462342,3.7332913935816947e-06,-2.0387394205839193,-0.001038864254951477,0.00016922583745326847,-0.00031335646053776145,-3.628839840530418e-05,0.00021178889437578619,0.9927488565444946
288,0.0055330246686935425,-0.0008851272286847234,5.057916164398193,0.00015188440011558468,4.924065656775056e-06,-2.0188816430538377,-0.001035159919410944,0.0001598806557012722,-0.000307768234051764,-3.7903730117250234e-05,0.00021067461057100445,0.9928873777389526
289,0.005544331390410662,-0.0008676127763465047,5.057909965515137,0.00015120103549138073,6.105807384804152e-06,-1.999021185748981,-0.0010314052924513817,0.0001505936961621046,-0.0003022544551640749,-3.964333518524654e-05,0.0002095704257953912,0.993023157119751
290,0.005555088631808758,-0.0008498737588524818,5.057904243469238,0.00015050781475364059,7.278569745361452e-06,-1.979158007072151,-0.0010276009561493993,0.000141366122988984,-0.0002968151238746941,-4.130614615860395e-05,0.00020845823746640235,0.9931560754776001
291,0.005565292201936245,-0.0008319264161400497,5.05789852142334,0.00014980576328300078,8.44220540519025e-06,-1.9592923288045119,-0.0010237476089969277,0.00013219901302363724,-0.00029156962409615517,-4.290905053494498e-05,0.0002073282958008349,0.9932852983474731
292,0.005574939306825399,-0.000813787046354264,5.057892799377441,0.00014909378070847434,9.596655338839355e-06,-1.9394240791147,-0.0010198458330705762,0.00012309294834267348,-0.0002863986592274159,-4.455841553863138e-05,0.00020618579583242536,0.9934127926826477
293,0.005584027152508497,-0.0007954720058478415,5.057887077331543,0.00014837104530622124,1.0742221425497078e-05,-1.9195533476172189,-0.0010158964432775974,0.0001140488893724978,-0.00028130217106081545,-4.623954009730369e-05,0.00020504771964624524,0.9935378432273865
294,0.005592553410679102,-0.0007769975927658379,5.0578813552856445,0.00014764054508874738,1.1878905778361926e-05,-1.899680018886106,-0.0010118995560333133,0.00010506789840292186,-0.0002762354561127722,-4.776232526637614e-05,0.00020390030113048851,0.993660569190979
295,0.005600516218692064,-0.0007583801634609699,5.057876110076904,0.00014690082781543,1.3006664029591164e-05,-1.8798043456761417,-0.0010078558698296547,9.615049930289388e-05,-0.00027130282251164317,-4.934962998959236e-05,0.00020274068810977042,0.9937804341316223
296,0.005607914179563522,-0.0007396360742859542,5.057870864868164,0.00014615440328331298,1.4125665679154409e-05,-1.859926392053808,-0.0010037660831585526,8.729776163818315e-05,-0.00026647464255802333,-5.080337359686382e-05,0.00020158164261374623,0.9938976764678955
297,0.005614746827632189,-0.0007207816233858466,5.057865619659424,0.00014539917438427587,1.5235370900645862e-05,-1.8400460577960067,-0.0009996304288506508,7.850964175304398e-05,-0.0002616761194076389,-5.235316712060012e-05,0.00020038778893649578,0.994013786315918
298,0.005621013697236776,-0.000701832992490381,5.057860374450684,0.00014463685019265688,1.6335830984370858e-05,-1.8201635272673755,-0.000995449721813202,6.978737656027079e-05,-0.000256996980169788,-5.3807856602361426e-05,0.000199187605176121,0.9941273927688599
299,0.005626714322715998,-0.0006828064215369523,5.057855129241943,0.00014386520998919082,1.742704896767755e-05,-1.8002786371497386,-0.000991223962046206,6.113097333582118e-05,-0.00025231766630895436,-5.536493699764833e-05,0.00019797967979684472,0.9942399859428406
300,0.0056318496353924274,-0.0006637180340476334,5.057850360870361,0.00014308831880295467,1.850918710943894e-05,-1.7803916485024165,-0.0009869541972875595,5.254155257716775e-05,-0.00024775764904916286,-5.6710287026362494e-05,0.00019677099771797657,0.9943497776985168